prcp,temp(f)
0.0,42.8
0.0,42.08
0.0,42.08
0.0,42.08
0.0,42.08
0.0,42.08
0.0,42.08
0.0,42.08
0.0,41.0
0.0,41.0
0.0,41.0
0.0,41.0
0.0,39.92
0.0,41.0
0.0,41.0
0.0,42.08
0.0,44.06
0.0,46.04
0.0,48.92
0.0,46.04
0.0,46.94
0.0,46.04
0.0,44.96
0.0,44.06
0.0,42.980000000000004
0.0,42.08
0.0,41.0
0.0,39.92
0.0,37.94
0.0,37.04
0.0,35.96
0.0,35.96
0.0,33.98
0.0,33.98
0.0,33.08
0.0,32.0
0.0,32.0
0.0,32.0
0.0,33.98
0.0,35.06
0.0,37.94
0.0,39.92
0.0,42.980000000000004
0.0,46.04
0.0,46.04
0.0,44.06
0.0,42.980000000000004
0.0,42.980000000000004
0.0,42.08
0.0,39.92
0.0,39.92
0.0,39.02
0.0,37.04
0.0,37.04
0.0,37.04
0.0,35.96
0.0,35.96
0.0,35.06
0.0,35.06
0.0,35.06
0.0,35.06
0.0,35.96
0.0,35.96
0.0,41.0
0.0,41.0
0.0,44.06
0.0,44.96
0.0,42.980000000000004
0.0,42.980000000000004
0.0,41.0
0.0,41.0
0.0,41.0
0.0,41.0
0.0,41.0
0.0,41.0
0.0,39.92
0.0,39.92
0.0,39.92
0.0,39.92
0.0,39.92
0.0,39.92
0.0,39.02
0.0,39.02
0.0,39.02
0.0,39.92
0.0,39.92
0.0,39.92
0.0,41.0
0.0,42.980000000000004
0.0,42.980000000000004
0.0,46.04
0.0,48.02
0.0,48.02
0.0,41.0
0.0,37.94
0.0,37.94
0.0,37.04
0.0,33.98
0.0,33.98
0.0,30.92
0.0,30.02
0.0,30.02
0.0,28.94
0.0,28.04
0.0,28.04
0.0,28.04
0.0,28.04
0.0,28.04
0.0,28.04
0.0,30.92
0.0,30.92
0.0,35.06
0.0,37.94
0.0,37.94
0.0,39.92
0.0,41.0
0.0,41.0
0.0,37.94
0.0,37.04
0.0,37.04
0.0,35.96
0.0,35.96
0.0,35.96
0.0,33.98
0.0,33.08
0.0,33.08
0.0,33.08
0.0,32.0
0.0,32.0
0.0,32.0
0.0,32.0
0.0,32.0
0.0,33.98
0.0,35.06
0.0,35.06
0.0,35.96
0.0,37.04
0.0,37.04
0.0,37.94
0.0,37.94
0.0,37.94
0.4,35.06
1.2,35.96
1.8,35.96
2.8,35.96
2.8,37.04
2.5,37.04
1.7,37.04
1.3,37.94
1.2,37.94
0.5,37.04
0.1,37.94
0.0,37.94
0.0,37.94
0.0,39.02
0.2,39.02
0.3,37.94
0.7,39.02
1.2,39.02
0.3,37.94
0.7,37.04
0.7,37.04
0.0,37.4
0.0,39.02
0.0,39.02
0.0,37.94
0.0,37.4
0.0,37.4
0.0,37.04
0.0,37.04
0.0,37.04
0.0,37.04
0.0,37.04
0.0,37.04
0.0,37.94
0.0,37.94
0.0,37.94
0.0,37.04
0.0,37.04
0.0,37.04
0.0,37.04
0.0,39.02
0.0,39.02
0.0,42.980000000000004
0.0,44.96
0.0,44.96
0.0,46.04
0.0,48.02
0.0,48.02
0.0,44.06
0.0,42.980000000000004
0.0,42.980000000000004
0.0,41.0
0.0,39.92
0.0,39.92
0.0,39.02
0.0,37.94
0.0,37.94
0.0,37.94
0.0,37.94
0.0,37.94
0.0,39.02
0.0,39.92
0.0,39.92
0.0,39.92
0.0,42.08
0.0,42.08
0.0,44.06
0.0,42.980000000000004
0.5,42.980000000000004
0.7,44.06
1.5,44.06
1.5,44.06
1.3,46.04
0.9,46.04
3.4,48.2
4.5,51.08
2.3,51.98
3.5,51.98
4.4,53.06
3.8,53.96
7.4,53.6
10.4,53.96
1.9,53.96
0.6,53.6
0.0,53.06
0.0,53.06
0.0,48.92
0.0,48.02
0.0,46.94
0.0,46.94
0.0,48.02
0.0,48.02
0.0,48.02
0.0,48.92
0.0,46.94
0.0,46.94
0.0,46.94
0.0,46.94
0.0,46.94
0.0,46.04
0.0,44.96
0.0,44.96
0.0,44.96
0.0,44.06
0.0,44.06
0.0,42.980000000000004
0.0,42.980000000000004
0.0,42.980000000000004
0.0,42.980000000000004
0.0,42.08
0.0,42.08
0.0,41.0
0.0,42.08
0.0,42.08
0.0,42.980000000000004
0.0,42.08
0.0,42.08
0.0,46.94
0.0,48.02
0.0,48.02
0.0,46.04
0.0,44.96
0.0,44.96
0.0,44.06
0.0,44.06
0.0,44.06
0.0,44.06
0.0,42.980000000000004
0.0,42.980000000000004
0.0,41.0
0.0,41.0
0.0,41.0
0.0,39.02
0.0,39.02
0.0,39.02
0.0,39.92
0.0,41.0
0.0,41.0
0.0,46.94
0.0,48.02
0.0,48.02
0.0,50.0
0.0,46.94
0.0,46.94
0.0,44.06
0.0,44.06
0.0,44.06
0.0,44.96
0.0,46.04
0.0,46.04
0.8,46.94
2.7,46.94
2.0,46.94
4.0,48.92
9.5,50.0
14.4,50.0
13.3,53.06
3.4,53.96
2.7,53.96
0.2,53.96
0.0,55.04
0.0,53.6
0.1,53.96
0.0,51.98
0.0,51.98
0.0,48.02
0.0,48.02
0.0,48.02
0.0,44.96
0.0,44.06
0.0,44.06
0.0,39.92
0.0,39.02
0.0,39.02
0.0,37.04
0.0,35.96
0.0,35.96
0.0,35.06
0.0,35.06
0.0,35.06
0.0,33.98
0.0,33.08
0.0,33.08
0.0,33.08
0.0,35.96
0.0,35.96
0.0,42.08
0.0,42.980000000000004
0.0,42.980000000000004
0.2,37.94
0.0,39.02
0.0,39.02
0.0,39.92
0.0,33.98
0.0,33.98
0.0,32.0
0.0,30.02
0.0,30.02
0.0,28.94
0.0,28.04
0.0,28.04
0.0,26.96
0.0,26.060000000000002
0.0,26.060000000000002
0.0,24.98
0.0,24.98
0.0,24.98
0.0,24.98
0.0,26.060000000000002
0.0,26.060000000000002
0.0,28.04
0.0,28.04
0.0,28.94
0.0,28.94
0.0,28.94
0.0,28.94
0.0,28.94
0.0,28.94
0.0,28.94
0.0,28.94
0.0,28.94
0.0,26.6
0.1,26.96
0.4,26.6
0.6,26.6
1.0,26.6
0.8,30.02
0.6,28.4
0.2,28.04
0.5,28.4
0.3,28.4
0.6,30.02
0.5,30.92
0.4,30.92
1.0,30.92
0.9,32.0
0.7,32.0
0.3,33.08
0.5,30.2
0.4,30.2
0.2,30.2
0.0,28.94
0.0,28.94
0.0,26.96
0.0,26.060000000000002
0.0,26.060000000000002
0.0,24.08
0.0,23.0
0.0,23.0
0.0,21.92
0.0,21.02
0.0,21.02
0.0,19.939999999999998
0.0,19.939999999999998
0.0,19.939999999999998
0.0,19.04
0.0,23.0
0.0,23.0
0.0,24.08
0.0,28.04
0.0,28.04
0.0,30.02
0.0,28.94
0.0,28.94
0.0,24.98
0.0,23.0
0.0,23.0
0.0,23.0
0.0,23.0
0.0,23.0
0.0,23.0
0.0,23.0
0.0,23.0
0.0,23.0
0.0,23.0
0.0,23.0
0.0,23.0
0.0,24.08
0.0,24.08
0.0,24.08
0.0,26.060000000000002
0.0,26.060000000000002
0.0,26.96
0.0,30.02
0.0,30.02
0.0,32.0
0.0,33.08
0.0,33.08
0.0,33.08
0.0,33.08
0.0,33.08
0.0,33.08
0.0,33.08
0.0,33.08
0.0,33.08
0.0,33.08
0.0,33.08
0.0,33.08
0.0,33.08
0.0,33.08
0.0,33.08
0.2,33.08
0.2,33.08
0.2,30.92
0.1,32.0
0.0,32.0
0.0,30.92
0.2,30.92
0.3,30.92
0.3,30.2
0.2,30.2
0.2,30.2
0.2,30.02
0.0,30.02
0.0,30.2
0.0,30.02
0.0,28.04
0.0,28.04
0.0,28.04
0.0,26.96
0.0,26.96
0.0,24.98
0.0,23.0
0.0,23.0
0.0,21.02
0.0,19.939999999999998
0.0,19.939999999999998
0.0,21.02
0.0,21.02
0.0,21.02
0.0,23.0
0.0,26.060000000000002
0.0,26.060000000000002
0.0,28.04
0.0,28.04
0.0,28.04
0.0,24.08
0.0,24.08
0.0,24.08
0.0,23.0
0.0,21.92
0.0,21.92
0.0,21.92
0.0,23.0
0.0,23.0
0.0,24.08
0.0,23.0
0.0,23.0
0.0,23.0
0.0,21.92
0.0,21.92
0.0,21.92
0.0,23.0
0.0,23.0
0.0,26.96
0.0,28.94
0.0,28.94
0.0,33.98
0.0,35.96
0.0,35.96
0.0,33.08
0.0,30.02
0.0,30.02
0.0,28.94
0.0,28.04
0.0,28.04
0.0,26.96
0.0,26.96
0.0,26.96
0.0,26.060000000000002
0.0,26.96
0.0,26.96
0.0,26.96
0.0,26.96
0.0,26.96
0.0,26.060000000000002
0.0,28.04
0.0,28.04
0.0,30.92
0.0,33.98
0.0,33.98
0.0,37.04
0.0,37.94
0.0,37.94
0.0,37.04
0.0,35.96
0.0,35.96
0.0,35.96
0.0,33.98
0.0,33.98
0.0,33.98
0.0,33.98
0.0,33.98
0.0,33.98
0.0,33.98
0.0,33.98
0.0,33.98
0.0,35.06
0.0,35.06
0.0,35.06
0.0,35.96
0.0,35.96
0.0,37.94
0.0,37.94
0.0,37.94
0.0,37.94
0.0,39.2
0.0,39.2
0.0,39.02
0.0,39.2
0.0,39.02
0.0,39.02
0.0,39.02
0.0,39.02
0.0,39.02
0.0,39.02
0.0,39.02
0.0,39.02
0.0,39.02
0.2,39.02
0.0,39.02
0.0,39.02
0.0,39.02
0.0,39.92
0.0,41.0
0.0,41.0
0.0,42.980000000000004
0.0,42.8
0.0,42.8
0.0,44.06
0.0,44.06
0.0,44.6
0.0,44.06
0.0,44.06
0.3,44.6
0.5,44.96
0.5,46.04
0.4,46.4
0.6,46.04
0.2,46.04
0.2,46.04
0.3,46.94
0.3,46.94
0.5,46.4
0.3,44.6
0.2,46.94
0.4,46.94
0.4,48.02
0.3,48.02
0.3,48.2
0.5,50.0
0.4,50.0
1.1,51.8
0.5,53.96
0.2,53.96
0.1,53.96
0.0,51.08
0.0,51.08
0.0,51.08
0.0,51.08
0.0,51.08
0.0,51.8
0.1,51.08
0.0,46.94
0.0,46.4
0.0,44.06
0.2,44.06
0.3,42.8
0.7,42.08
0.7,42.08
0.4,42.08
0.3,42.980000000000004
0.4,42.980000000000004
0.2,42.8
0.6,42.980000000000004
0.5,42.980000000000004
0.0,42.980000000000004
0.0,44.06
0.0,42.8
0.0,42.980000000000004
0.0,42.980000000000004
0.0,44.06
0.0,44.06
0.0,44.06
0.0,44.6
0.0,44.96
0.0,44.06
0.0,42.8
0.0,44.6
0.0,44.06
0.0,42.8
0.0,42.8
0.0,44.06
0.0,42.980000000000004
0.0,42.8
0.0,42.980000000000004
0.0,42.980000000000004
0.0,42.980000000000004
0.0,44.96
0.0,46.04
0.0,46.04
0.0,46.04
0.0,46.04
0.0,46.04
0.0,44.96
0.0,44.96
0.0,44.96
0.0,44.06
0.0,44.06
0.0,42.8
0.0,42.980000000000004
0.0,42.08
0.0,42.08
0.1,42.8
0.6,41.0
1.2,39.2
1.8,39.92
2.7,39.92
2.0,39.2
3.0,39.02
0.8,39.02
1.5,39.2
0.8,39.02
0.2,39.02
0.1,39.02
0.2,39.02
0.4,39.02
0.5,39.2
0.7,39.02
0.6,39.02
0.4,39.2
0.4,39.02
0.4,37.94
0.4,37.94
0.2,37.94
0.4,37.94
0.0,37.4
0.0,37.04
0.1,37.04
0.5,37.04
0.5,37.94
0.0,37.94
0.0,37.4
0.0,37.94
0.0,37.94
0.0,37.94
0.0,39.02
0.0,39.02
0.0,39.02
0.0,39.92
0.0,39.92
0.0,39.92
0.0,39.02
0.0,37.94
0.0,37.94
0.0,37.94
0.0,37.04
0.0,37.04
0.0,37.04
0.0,37.04
0.0,37.04
0.0,35.96
0.0,35.96
0.0,35.96
0.0,35.96
0.0,35.96
0.0,35.96
0.0,35.96
0.0,35.96
0.0,35.96
0.0,37.04
0.0,37.94
0.0,37.94
0.0,37.04
0.0,37.04
0.0,37.04
0.0,37.04
0.0,37.04
0.0,37.4
0.0,37.04
0.0,35.96
0.0,35.96
0.0,35.96
0.0,35.96
0.0,35.96
0.0,35.06
0.1,35.96
0.0,35.96
0.0,35.06
0.0,35.06
0.0,35.06
0.0,35.6
0.0,37.04
0.0,37.4
0.0,37.94
0.0,37.94
0.0,37.94
0.0,39.02
0.0,39.02
0.0,39.02
0.0,39.2
0.0,37.94
0.0,37.94
0.0,37.94
0.0,37.94
0.0,37.94
0.0,37.04
0.0,37.04
0.0,37.04
0.0,37.04
0.0,37.04
0.0,37.04
0.0,35.96
0.0,35.06
0.0,35.06
0.0,35.96
0.0,37.04
0.0,37.04
0.0,39.92
0.0,39.92
0.0,39.92
0.0,41.0
0.0,42.980000000000004
0.0,42.980000000000004
0.0,42.980000000000004
0.0,42.980000000000004
0.0,42.980000000000004
0.0,42.980000000000004
0.0,42.980000000000004
0.0,42.980000000000004
0.3,42.980000000000004
0.0,42.980000000000004
0.0,42.8
0.6,41.0
0.4,41.0
0.5,39.2
0.5,41.0
0.3,41.0
0.3,41.0
0.3,41.0
0.1,41.0
0.2,39.2
0.2,41.0
0.3,41.0
0.1,41.0
0.1,42.08
0.2,42.08
0.0,42.08
0.0,42.8
0.0,42.08
0.0,42.08
0.0,39.92
0.0,39.92
0.0,39.92
0.0,39.02
0.0,37.94
0.0,37.94
0.0,37.04
0.0,35.06
0.0,35.06
0.0,35.06
0.0,35.06
0.0,35.06
0.0,33.98
0.0,35.06
0.0,35.06
0.0,39.02
0.0,42.08
0.0,42.08
0.0,44.96
0.0,46.04
0.0,46.04
0.0,46.94
0.0,42.08
0.0,42.08
0.0,39.92
0.0,39.02
0.0,39.02
0.0,37.94
0.0,37.04
0.0,37.04
0.0,37.04
0.0,35.06
0.0,35.06
0.0,33.98
0.0,33.98
0.0,33.98
0.0,33.98
0.0,35.96
0.0,35.96
0.0,39.02
0.0,42.08
0.0,42.08
0.0,48.02
0.0,48.92
0.0,48.92
0.0,48.02
0.0,48.02
0.0,44.06
0.0,42.08
0.0,42.08
0.0,41.0
0.0,39.92
0.0,39.02
0.0,37.94
0.0,37.04
0.0,35.96
0.0,35.96
0.0,33.98
0.0,33.98
0.0,33.98
0.0,33.98
0.0,37.94
0.0,37.94
0.0,39.92
0.0,42.980000000000004
0.0,42.980000000000004
0.0,46.04
0.0,48.02
0.0,48.02
0.0,46.94
0.0,41.0
0.0,41.0
0.0,37.94
0.0,37.94
0.0,37.94
0.0,37.04
0.0,35.06
0.0,35.06
0.0,33.08
0.0,32.0
0.0,32.0
0.0,32.0
0.0,30.92
0.0,30.92
0.0,30.92
0.0,35.06
0.0,35.06
0.0,37.04
0.0,39.92
0.0,39.92
0.0,42.980000000000004
0.0,42.980000000000004
0.0,44.06
0.0,44.96
0.0,41.0
0.0,41.0
0.0,39.02
0.0,37.94
0.0,37.94
0.0,37.94
0.0,37.04
0.0,37.04
0.0,35.96
0.0,35.06
0.0,35.06
0.0,35.06
0.0,35.96
0.0,35.96
0.0,37.04
0.0,39.02
0.0,39.02
0.0,42.08
0.0,44.06
0.0,44.06
0.0,48.92
0.0,50.0
0.0,50.0
0.0,50.0
0.0,46.04
0.0,46.04
0.0,42.08
0.0,42.08
0.0,42.08
0.0,39.02
0.0,39.92
0.0,39.92
0.0,39.92
0.0,37.94
0.0,37.94
0.0,37.04
0.0,35.96
0.0,35.96
0.0,37.94
0.0,41.0
0.0,41.0
0.0,44.06
0.0,46.94
0.0,46.94
0.0,51.08
0.0,51.98
0.0,51.98
0.0,46.94
0.0,44.06
0.0,44.06
0.0,42.980000000000004
0.0,44.06
0.0,44.06
0.0,42.980000000000004
0.0,42.08
0.0,42.08
0.0,41.0
0.2,42.08
0.0,42.08
0.0,42.08
0.0,42.08
0.0,42.08
0.0,42.980000000000004
0.0,42.980000000000004
0.0,42.980000000000004
0.0,44.96
0.0,51.08
0.0,51.08
0.0,51.98
0.0,51.98
0.0,51.98
0.0,48.02
0.0,46.04
0.0,46.04
0.0,44.96
0.0,44.96
0.0,44.96
0.0,46.04
0.0,48.02
0.0,48.02
0.0,46.04
0.0,46.04
0.0,46.04
0.0,44.96
0.0,44.96
0.0,44.96
0.0,44.06
0.0,44.96
0.0,44.96
0.0,46.94
0.0,51.08
0.0,51.08
0.0,53.96
0.0,55.94
0.0,55.94
0.0,55.94
0.0,55.04
0.0,55.04
0.0,53.06
0.0,53.06
0.0,53.06
0.0,53.06
0.0,48.92
0.0,48.92
0.0,48.92
0.0,48.02
0.0,48.02
0.0,46.94
0.0,44.96
0.0,44.96
0.0,44.06
0.0,44.96
0.0,44.96
0.0,46.04
0.0,46.04
0.0,46.04
0.0,46.94
0.0,48.02
0.0,48.02
0.0,46.94
0.0,46.04
0.0,46.04
0.0,46.04
0.0,44.06
0.0,44.06
0.0,44.06
0.0,42.980000000000004
0.0,42.980000000000004
0.0,42.08
0.0,41.0
0.0,41.0
0.0,39.02
0.0,37.94
0.0,37.94
0.0,37.94
0.0,41.0
0.0,41.0
0.0,42.980000000000004
0.0,44.06
0.0,44.06
0.0,44.06
0.0,44.96
0.0,44.96
0.0,44.06
0.0,42.980000000000004
0.0,42.980000000000004
0.0,42.08
0.0,42.08
0.0,42.08
0.4,41.0
0.3,39.92
0.0,39.92
0.2,39.02
0.4,39.02
0.6,37.4
1.3,35.06
1.2,35.06
1.4,33.8
1.6,33.8
1.8,33.98
2.7,33.98
2.5,33.8
1.5,35.06
0.7,35.6
0.3,39.02
0.0,39.02
0.0,39.02
0.0,41.0
0.0,39.92
0.0,39.92
0.0,39.02
0.0,37.94
0.0,37.94
0.0,37.94
0.0,37.94
0.0,37.94
0.0,37.04
0.0,35.96
0.0,35.96
0.0,33.08
0.0,32.0
0.0,32.0
0.0,32.0
0.0,33.08
0.0,33.08
0.0,33.98
0.0,35.96
0.0,35.96
0.0,39.02
0.0,39.92
0.0,39.92
0.0,39.92
0.0,35.96
0.0,35.96
0.0,33.98
0.0,33.08
0.0,33.08
0.0,32.0
0.0,32.0
0.0,30.92
0.0,30.02
0.0,28.94
0.0,28.94
0.0,28.94
0.0,28.04
0.0,28.04
0.0,28.94
0.0,32.0
0.0,32.0
0.0,33.08
0.0,37.04
0.0,37.04
0.0,37.94
0.0,37.94
0.0,37.4
0.0,35.96
0.0,35.96
0.0,35.96
0.0,37.04
0.3,37.04
0.8,37.04
0.0,37.04
0.0,37.04
0.0,37.04
0.0,35.96
0.0,37.94
0.0,37.94
0.0,39.02
0.0,37.94
0.0,37.94
0.0,37.04
0.0,39.02
0.0,39.02
0.0,39.92
0.0,42.08
0.0,42.08
0.0,44.96
0.0,46.94
0.0,46.94
0.0,44.96
0.0,44.96
0.0,42.08
0.0,39.02
0.0,39.02
0.0,39.02
0.0,37.94
0.0,37.94
0.2,35.6
0.4,33.98
0.7,33.8
1.0,32.0
0.9,32.0
0.9,32.0
0.5,32.0
0.3,32.0
0.3,33.8
0.2,33.8
0.0,35.06
0.0,35.06
0.0,35.06
0.1,35.06
0.1,35.06
0.0,35.06
0.0,35.96
0.0,33.98
0.0,33.98
0.0,30.92
0.0,30.02
0.0,30.02
0.0,28.94
0.0,28.04
0.0,28.04
0.0,28.04
0.0,28.04
0.0,28.04
0.0,26.96
0.0,26.96
0.0,26.96
0.0,28.04
0.0,30.02
0.0,30.02
0.0,33.08
0.0,35.96
0.0,35.96
0.0,37.94
0.0,39.92
0.0,39.92
0.0,41.0
0.0,39.02
0.0,39.02
0.0,37.94
0.0,37.94
0.0,37.94
0.0,37.04
0.0,35.96
0.0,35.96
0.0,35.06
0.0,33.98
0.0,33.98
0.0,33.08
0.0,33.08
0.0,33.08
0.0,32.0
0.0,37.04
0.0,37.04
0.0,39.02
0.0,41.0
0.0,41.0
0.0,42.980000000000004
0.0,44.06
0.0,44.06
0.0,42.980000000000004
0.0,39.92
0.0,39.92
0.0,37.04
0.0,35.96
0.0,35.96
0.0,35.06
0.0,33.08
0.0,33.08
0.0,32.0
0.0,32.0
0.0,32.0
0.0,30.02
0.0,30.02
0.0,30.02
0.0,30.92
0.0,32.0
0.0,32.0
0.0,35.06
0.0,35.06
0.0,37.94
0.0,39.92
0.0,39.92
0.0,39.92
0.0,39.02
0.0,35.06
0.0,35.06
0.0,33.98
0.0,33.98
0.0,33.98
0.0,33.08
0.0,33.08
0.0,33.08
0.0,33.08
0.0,33.08
0.0,33.08
0.0,33.08
0.0,33.08
0.0,33.08
0.0,33.08
0.0,35.96
0.0,35.96
0.0,37.94
0.0,39.02
0.0,39.02
0.0,42.980000000000004
0.0,41.0
0.0,41.0
0.0,37.94
0.0,37.94
0.0,37.4
0.0,37.04
0.0,37.04
0.0,37.04
0.0,35.96
0.0,35.96
0.0,35.6
0.0,35.06
0.0,35.06
0.0,35.96
0.0,35.96
0.0,35.06
0.0,35.06
0.0,35.6
0.0,37.94
0.0,39.2
0.0,39.02
0.0,42.980000000000004
0.0,42.980000000000004
0.0,41.0
0.0,42.08
0.0,42.08
0.0,42.08
0.2,39.92
0.0,39.92
0.0,39.2
0.4,39.92
0.7,41.0
0.0,41.0
0.0,41.0
0.1,42.8
1.0,42.08
1.1,42.08
0.3,42.08
0.0,42.08
0.4,42.08
0.4,42.08
0.2,42.08
0.0,42.980000000000004
0.0,42.980000000000004
0.0,44.96
0.0,44.96
0.1,46.4
0.1,46.04
0.2,44.6
0.0,46.04
0.1,46.04
0.1,46.04
0.0,46.04
0.0,44.96
0.0,44.96
0.0,44.96
0.0,42.980000000000004
0.0,44.06
0.0,44.06
0.0,42.980000000000004
0.0,42.980000000000004
0.0,42.980000000000004
0.0,41.0
0.0,41.0
0.0,41.0
0.0,41.0
0.0,42.08
0.0,42.08
0.0,41.0
0.0,41.0
0.0,41.0
0.0,46.04
0.0,46.04
0.0,46.04
0.0,46.04
0.0,39.92
0.0,39.92
0.0,35.96
0.0,33.98
0.0,33.98
0.0,30.92
0.0,30.02
0.0,30.02
0.0,28.94
0.0,26.96
0.0,26.96
0.0,26.96
0.0,24.98
0.0,24.98
0.0,26.96
0.0,30.92
0.0,30.92
0.0,32.0
0.0,35.06
0.0,35.06
0.0,39.92
0.0,41.0
0.0,41.0
0.0,39.02
0.0,35.96
0.0,35.96
0.0,35.96
0.0,35.96
0.0,35.96
0.0,35.96
0.0,35.06
0.0,35.06
0.0,35.06
0.0,35.06
0.0,35.06
0.0,35.06
0.0,35.06
0.0,35.06
0.0,37.04
0.2,37.94
0.5,37.94
2.3,41.0
0.3,42.08
0.0,42.08
0.0,48.02
0.0,53.96
0.0,53.96
0.0,53.06
0.0,46.94
0.0,46.94
0.0,48.02
0.0,48.02
0.0,48.02
0.0,46.94
0.0,46.04
0.0,46.04
0.0,44.06
0.0,44.06
0.0,44.06
0.0,42.08
0.0,42.08
0.0,42.08
0.0,42.980000000000004
0.0,42.980000000000004
0.0,44.6
0.0,46.04
0.0,51.08
0.0,51.08
0.0,53.96
0.0,53.06
0.0,53.06
0.0,51.08
0.0,51.08
0.0,51.08
0.2,50.0
1.1,50.0
2.0,51.08
0.9,50.0
0.0,51.98
0.0,51.98
0.0,51.98
0.0,51.08
0.0,51.08
0.1,50.0
0.0,50.0
0.3,51.8
0.5,51.98
0.8,51.08
0.0,51.08
0.0,51.8
0.5,53.96
0.9,53.96
1.5,57.02
1.5,57.02
0.5,57.2
0.2,55.94
0.2,57.02
0.6,55.4
0.3,55.94
0.8,55.94
1.1,55.94
0.3,51.08
0.0,44.96
0.0,44.96
0.0,37.04
0.0,35.06
0.0,35.06
0.0,33.08
0.0,33.08
0.0,33.08
0.0,33.98
0.0,35.06
0.0,35.06
0.0,37.04
0.0,39.92
0.0,39.92
0.0,42.980000000000004
0.0,44.06
0.0,44.06
0.0,42.980000000000004
0.0,39.02
0.0,39.02
0.0,37.94
0.0,37.94
0.0,37.94
0.0,37.04
0.0,35.06
0.0,35.06
0.0,33.08
0.0,32.0
0.0,32.0
0.0,30.92
0.0,30.92
0.0,30.92
0.0,33.08
0.0,35.96
0.0,35.96
0.0,37.94
0.0,42.980000000000004
0.0,42.980000000000004
0.0,44.06
0.0,44.06
0.0,44.06
0.0,42.08
0.0,41.0
0.0,41.0
0.0,41.0
0.0,39.92
0.0,39.92
0.0,39.92
0.0,41.0
0.0,41.0
0.0,42.08
0.0,42.08
0.0,42.08
0.0,42.980000000000004
0.0,42.980000000000004
0.0,42.980000000000004
0.1,44.06
0.3,44.06
0.5,44.06
0.7,44.96
0.7,46.4
1.5,48.2
2.6,48.02
2.2,50.0
1.8,51.8
1.4,51.08
3.9,53.6
3.5,53.06
5.0,48.92
0.7,50.0
0.4,50.0
0.0,48.02
0.0,48.2
0.0,48.2
0.0,46.94
0.0,46.94
0.0,46.4
0.0,48.02
0.0,46.94
0.0,46.94
0.0,50.0
0.0,53.06
0.0,53.06
0.0,57.02
0.0,60.980000000000004
0.0,60.980000000000004
0.0,64.04
0.0,66.02
0.0,66.02
0.0,66.02
0.0,62.959999999999994
0.0,62.959999999999994
0.0,59.0
0.0,59.0
0.0,51.98
0.0,53.96
0.0,51.08
0.0,51.08
0.0,48.92
0.0,48.02
0.0,48.02
0.0,48.02
0.0,48.02
0.0,48.02
0.0,48.02
0.0,48.02
0.0,48.02
0.0,53.06
0.0,55.94
0.0,55.94
0.0,53.6
0.0,55.04
0.0,53.6
0.0,50.0
0.0,48.02
0.0,48.02
0.0,44.96
0.0,44.96
0.0,44.96
0.0,44.96
0.0,44.96
0.0,44.6
0.0,44.06
0.0,44.06
0.0,44.06
0.1,44.06
0.2,42.980000000000004
0.9,42.8
1.2,42.08
2.0,42.08
0.7,42.08
0.5,42.980000000000004
0.5,42.980000000000004
0.3,44.6
0.4,44.6
2.3,44.6
3.2,44.06
2.5,44.6
0.1,44.06
0.0,44.06
0.0,44.06
0.2,44.6
0.0,46.4
0.0,46.04
0.0,46.04
0.0,46.04
0.0,46.04
0.0,46.04
0.0,46.04
0.0,46.04
0.0,46.4
0.0,46.4
0.0,46.04
0.0,48.02
0.0,48.02
0.0,48.02
0.0,48.02
0.0,48.02
0.3,46.94
1.8,46.94
1.5,48.2
2.5,46.94
3.6,46.94
5.9,46.94
9.0,46.04
4.6,46.04
1.6,46.04
1.2,46.94
1.8,46.94
2.5,46.04
0.5,46.94
0.1,48.02
0.9,48.92
0.2,48.92
0.8,48.92
0.3,48.02
0.0,48.92
0.0,50.0
0.0,50.0
0.0,53.06
0.0,53.96
0.0,53.96
0.0,55.94
0.0,53.96
0.0,53.96
0.0,51.98
0.0,50.0
0.0,50.0
0.0,48.02
0.0,48.02
0.0,48.02
0.0,44.96
0.0,44.96
0.0,44.96
0.0,44.06
0.0,44.06
0.0,42.980000000000004
0.0,42.980000000000004
0.0,42.08
0.0,41.0
0.0,42.08
0.0,44.06
0.0,46.04
0.0,46.94
0.0,51.08
0.0,51.08
0.0,53.96
0.0,53.96
0.0,53.96
0.0,51.08
0.0,48.02
0.0,48.02
0.0,44.06
0.0,44.06
0.0,44.06
0.0,42.980000000000004
0.0,42.980000000000004
0.0,42.980000000000004
0.0,42.08
0.0,42.08
0.0,42.08
0.0,42.08
0.0,41.0
0.0,41.0
0.0,41.0
0.0,42.08
0.0,42.08
0.0,42.08
0.0,42.08
0.0,42.980000000000004
0.0,42.08
0.2,42.08
0.4,42.08
0.7,44.06
1.1,44.06
1.1,44.06
0.7,44.96
0.6,44.6
2.7,44.96
3.1,46.04
3.1,46.94
5.7,46.94
2.2,44.96
1.3,46.94
0.0,46.04
0.1,44.06
0.0,44.06
0.1,42.980000000000004
0.0,44.96
0.0,44.96
0.0,48.2
0.0,50.0
0.0,51.08
0.0,51.08
0.0,46.04
0.2,44.96
0.7,44.96
0.1,39.92
0.0,41.0
0.0,41.0
0.5,39.92
0.0,39.92
0.0,39.02
0.0,37.94
0.0,37.94
0.0,37.04
0.0,37.04
0.0,37.04
0.0,37.04
0.0,37.04
0.0,37.94
0.0,37.94
0.0,39.02
0.0,39.92
0.0,41.0
0.0,44.06
0.0,46.04
0.0,48.02
0.0,51.08
0.0,55.04
0.0,55.04
0.0,53.96
0.0,53.96
0.0,51.08
0.0,48.02
0.0,46.94
0.0,46.94
0.0,46.04
0.0,44.96
0.0,44.96
0.0,44.96
0.0,44.06
0.0,42.980000000000004
0.0,44.06
0.0,44.06
0.0,44.06
0.0,46.04
0.0,48.92
0.0,48.92
0.0,57.92
0.0,60.08
0.0,60.08
0.0,66.02
0.0,66.92
0.0,66.92
0.0,66.92
0.0,62.959999999999994
0.0,62.959999999999994
0.0,60.08
0.0,59.0
0.0,55.04
0.0,53.06
0.0,51.98
0.0,51.98
0.0,53.96
0.0,50.0
0.0,46.94
0.0,50.0
0.0,48.92
0.0,48.92
0.0,48.02
0.0,50.0
0.0,50.0
0.0,53.06
0.0,59.0
0.0,59.0
0.0,60.980000000000004
0.0,60.08
0.0,60.08
0.0,55.04
0.0,51.08
0.0,51.08
0.0,48.92
0.0,48.92
0.0,48.92
0.0,48.02
0.0,46.04
0.0,46.04
0.0,46.94
0.0,46.04
0.0,46.04
0.0,46.04
0.0,44.96
0.0,44.96
0.0,46.94
0.0,50.0
0.0,50.0
0.0,53.06
0.0,62.959999999999994
0.0,66.92
0.0,69.98
0.0,71.96
0.0,71.96
0.0,62.059999999999995
0.0,57.02
0.0,55.04
0.0,55.04
0.0,53.06
0.0,53.06
0.0,51.98
0.0,53.06
0.0,51.98
0.0,53.06
1.0,57.02
0.3,55.04
0.0,57.92
0.0,57.92
0.0,59.0
0.0,57.92
0.4,59.0
0.3,59.0
0.0,60.08
0.0,69.98
0.0,69.98
0.0,69.98
0.0,68.0
0.0,68.0
0.0,68.0
0.0,60.08
0.0,60.08
0.0,57.02
0.0,53.96
0.0,53.96
0.0,53.06
0.0,51.98
0.0,51.08
0.0,50.0
0.0,48.92
0.0,48.92
0.0,48.92
0.0,46.94
0.0,46.94
0.0,48.02
0.0,51.08
0.0,51.08
0.0,53.06
0.0,55.94
0.0,55.94
0.0,57.02
0.0,55.94
0.0,55.94
0.0,55.04
0.0,53.06
0.0,53.06
0.0,53.06
0.0,53.96
0.0,53.96
0.0,50.0
0.0,48.92
0.0,48.92
0.0,48.92
0.1,48.92
0.0,48.92
0.0,48.92
0.0,50.0
0.0,50.0
0.0,51.08
0.0,51.08
0.0,51.08
0.0,57.02
0.0,59.0
0.0,59.0
0.0,60.08
0.0,60.980000000000004
0.0,60.980000000000004
0.0,62.059999999999995
0.0,59.0
0.0,59.0
0.0,55.94
0.0,53.96
0.0,53.96
0.0,51.08
0.0,48.02
0.0,48.02
0.0,46.94
0.0,46.04
0.0,46.04
0.0,46.04
0.0,44.06
0.0,44.06
0.0,44.06
0.0,46.04
0.0,46.04
0.0,48.02
0.0,48.92
0.0,48.92
0.0,48.92
0.0,50.0
0.0,50.0
0.0,48.92
0.0,46.04
0.0,46.04
0.0,42.980000000000004
0.0,42.08
0.0,42.08
0.0,41.0
0.0,39.02
0.0,39.02
0.0,37.94
0.0,35.96
0.0,35.96
0.0,35.96
0.0,37.04
0.0,37.04
0.0,39.02
0.0,39.92
0.0,39.92
0.0,44.06
0.0,44.06
0.0,46.04
0.0,46.04
0.0,46.04
0.0,46.04
0.0,44.96
0.0,44.06
0.0,44.06
0.0,42.08
0.0,41.0
0.2,41.0
0.0,39.92
0.0,39.92
0.0,39.92
0.0,41.0
0.0,42.980000000000004
0.0,42.980000000000004
0.0,42.980000000000004
0.0,42.980000000000004
0.0,42.980000000000004
0.0,44.96
0.0,46.04
0.0,46.04
0.0,48.02
0.0,51.08
0.0,51.08
0.0,53.96
0.0,55.94
0.0,55.94
1.0,46.04
1.0,44.96
0.0,42.8
0.0,39.92
0.0,39.02
0.0,39.02
0.0,37.94
0.0,35.96
0.0,35.06
0.0,33.98
0.0,33.08
0.0,33.08
0.0,30.92
0.0,32.0
0.0,32.0
0.0,33.98
0.0,37.04
0.0,37.04
0.0,37.94
0.0,41.0
0.0,41.0
0.0,42.980000000000004
0.0,42.980000000000004
0.0,42.08
0.0,41.72
0.0,42.980000000000004
0.0,42.980000000000004
0.0,39.92
0.0,37.94
0.0,37.94
0.0,33.98
0.0,33.08
0.0,33.08
0.0,32.0
0.0,30.92
0.0,30.92
0.0,30.02
0.0,30.02
0.0,30.02
0.0,32.0
0.0,35.06
0.0,35.06
0.0,37.94
0.0,41.0
0.0,41.0
0.0,42.980000000000004
0.0,39.92
0.0,39.92
0.0,39.02
0.0,39.02
0.0,39.02
0.0,39.92
0.0,41.0
0.0,41.0
0.0,41.0
0.0,41.0
0.0,41.0
0.0,39.92
0.0,41.0
0.2,41.0
0.8,41.0
1.3,42.08
1.9,42.08
3.8,42.8
4.7,44.6
4.7,44.6
7.1,48.92
8.1,50.0
6.1,50.0
8.9,51.98
11.3,50.0
5.8,44.6
0.5,44.96
0.0,44.96
0.0,42.8
0.0,41.0
0.0,39.92
0.0,39.92
0.0,39.02
0.0,35.96
0.0,35.96
0.0,35.06
0.0,33.98
0.0,33.98
0.0,33.98
0.0,33.08
0.0,33.08
0.0,35.96
0.0,39.02
0.0,39.02
0.0,42.08
0.0,42.980000000000004
0.0,42.980000000000004
0.0,46.04
0.0,48.92
0.0,48.92
0.0,50.0
0.0,46.94
0.0,46.94
0.0,42.980000000000004
0.0,41.0
0.0,41.0
0.0,39.02
0.0,39.02
0.0,39.02
0.0,39.02
0.0,37.94
0.0,37.94
0.0,37.04
0.0,37.04
0.0,37.04
0.0,37.04
0.0,41.0
0.0,41.0
0.0,44.06
0.0,46.94
0.0,46.94
0.0,51.08
0.0,51.98
0.0,51.98
0.0,53.06
0.0,50.0
0.0,50.0
0.0,48.02
0.0,46.94
0.0,46.04
0.0,44.96
0.0,44.06
0.0,42.980000000000004
0.0,41.0
0.0,41.0
0.0,41.0
0.0,41.0
0.0,41.0
0.0,41.0
0.0,42.08
0.0,46.04
0.0,48.2
0.0,48.92
0.0,48.92
0.0,48.92
0.0,51.08
0.0,51.8
0.0,51.8
0.0,46.94
0.0,46.04
0.0,44.6
0.0,44.96
0.0,44.06
0.0,43.16
0.0,44.6
0.0,44.96
0.0,44.96
0.0,42.980000000000004
0.0,42.08
0.0,42.08
0.0,42.08
0.0,42.08
0.0,42.08
0.0,44.06
0.0,44.06
0.0,44.06
0.0,44.96
0.0,46.04
0.0,46.04
0.0,48.2
0.0,48.2
0.0,48.2
0.0,48.02
1.6,46.94
0.7,46.4
0.1,46.4
0.0,46.04
0.0,46.4
0.0,46.94
0.0,46.4
0.5,46.4
2.2,46.04
2.0,46.04
1.5,46.4
1.0,46.4
1.0,48.2
2.3,48.2
1.0,48.02
0.9,46.94
0.5,48.2
0.5,48.92
0.6,48.92
0.7,48.2
1.1,48.2
1.5,48.2
1.2,48.2
0.7,48.02
0.6,48.2
0.5,46.4
0.4,46.4
0.3,44.96
0.5,44.6
0.4,44.06
0.2,44.06
0.0,44.6
0.0,44.96
0.0,44.06
0.0,44.6
0.0,42.8
0.0,42.980000000000004
0.0,42.8
0.0,44.06
0.0,48.92
0.0,51.8
0.0,53.06
0.0,53.96
0.0,57.2
0.0,57.02
0.0,55.94
0.0,55.4
0.0,53.06
0.0,48.92
0.0,46.4
0.0,44.6
0.0,42.980000000000004
0.0,42.8
0.0,42.980000000000004
0.0,42.08
0.0,42.8
0.0,42.08
0.0,42.08
0.0,42.8
0.0,42.8
0.0,41.0
0.0,42.8
0.0,44.96
0.0,46.94
0.0,50.0
0.0,53.6
0.0,55.94
0.0,57.2
0.0,59.0
0.0,60.980000000000004
0.0,60.8
0.0,59.0
0.0,57.92
0.0,55.4
0.0,51.8
0.0,51.08
0.5,50.0
0.0,50.0
0.3,48.92
0.0,48.2
0.0,48.92
0.0,48.92
0.0,48.2
0.0,48.2
0.0,46.94
0.0,46.4
0.0,50.0
0.0,53.06
0.0,55.4
0.0,57.02
0.0,57.92
0.0,59.0
0.0,60.8
0.0,60.980000000000004
0.0,62.6
0.0,60.980000000000004
0.0,59.0
0.0,57.2
0.0,55.94
0.0,55.04
0.0,53.6
0.0,53.06
0.0,51.98
0.0,53.6
0.0,48.92
0.0,51.08
0.0,51.8
0.0,51.08
0.0,50.0
0.0,50.0
0.0,50.0
0.2,48.92
0.2,48.2
0.4,48.02
0.9,48.92
0.5,48.92
0.0,48.2
0.0,51.08
0.0,51.08
0.0,53.06
0.0,51.08
0.0,51.08
0.0,50.0
0.0,50.0
0.0,50.0
0.0,48.92
0.0,48.02
0.0,48.2
0.0,48.02
0.0,46.94
0.0,46.94
0.9,46.4
0.4,46.94
0.0,46.4
0.0,46.4
0.7,46.94
1.4,46.4
1.1,48.2
1.3,46.4
2.1,46.4
2.1,46.4
3.1,44.96
4.5,44.6
3.5,44.96
2.8,44.96
0.8,44.96
1.3,44.96
1.9,44.06
0.7,44.06
0.4,44.06
0.0,44.06
0.0,44.06
0.0,44.06
0.0,44.06
0.2,44.06
0.7,42.8
1.8,42.980000000000004
1.9,42.980000000000004
0.3,42.8
0.0,42.980000000000004
0.5,42.980000000000004
0.6,42.08
1.0,42.08
2.9,42.08
1.0,42.08
1.7,42.08
2.0,42.08
4.4,42.8
7.1,42.8
2.8,42.08
3.9,42.08
2.5,42.08
0.9,42.08
0.2,42.8
0.6,41.0
0.2,41.0
0.6,42.08
1.1,41.0
1.0,41.0
1.2,39.02
0.0,39.02
0.0,39.02
0.1,39.2
0.0,44.06
0.0,44.06
0.0,44.96
0.0,46.04
0.0,46.04
0.0,51.08
0.0,48.92
0.0,48.92
0.0,48.92
0.0,46.94
0.0,46.04
0.0,46.04
0.2,42.980000000000004
0.3,42.980000000000004
0.0,42.980000000000004
0.0,42.08
0.0,42.8
0.0,39.92
0.0,39.92
0.0,39.92
0.0,39.92
0.0,39.92
0.0,39.92
0.0,41.0
0.0,46.04
0.0,46.04
0.0,46.04
0.0,48.02
0.0,48.02
0.0,48.92
0.0,50.0
0.0,50.0
0.0,50.0
0.0,48.92
0.0,48.92
0.0,44.96
0.0,44.06
0.0,44.06
0.0,42.980000000000004
0.0,42.980000000000004
0.0,42.980000000000004
0.0,42.08
0.0,42.08
0.0,42.08
0.0,42.08
0.0,42.08
0.0,42.08
0.0,42.980000000000004
0.0,46.04
0.0,46.4
0.0,48.92
0.0,51.08
0.0,51.08
0.0,53.06
0.0,53.06
0.0,53.06
0.0,51.98
0.0,51.98
0.0,51.98
0.0,48.92
0.0,48.02
0.0,48.02
0.0,46.04
0.0,44.96
0.0,44.96
0.0,44.96
0.0,44.06
0.0,44.06
0.0,42.980000000000004
0.0,44.06
0.0,44.06
0.0,44.06
0.0,48.02
0.0,48.02
0.0,51.98
0.0,55.04
0.0,55.04
0.0,55.94
0.0,59.0
0.0,59.0
0.0,60.08
0.0,59.0
0.0,59.0
0.0,48.02
0.0,46.04
0.0,46.04
0.0,46.04
0.0,46.04
0.0,46.04
0.0,44.96
0.0,44.96
0.0,44.96
0.0,44.06
0.0,44.06
0.0,44.06
0.0,46.04
0.0,53.96
0.0,53.96
0.0,57.92
0.0,60.980000000000004
0.0,60.980000000000004
0.0,66.02
0.0,62.059999999999995
0.0,62.059999999999995
0.0,59.0
0.0,55.94
0.5,55.94
0.0,55.04
0.9,55.04
0.9,55.04
0.0,55.04
0.0,53.96
0.0,53.96
0.0,55.04
0.0,55.04
0.0,55.04
0.0,51.98
0.0,51.98
0.0,51.98
0.0,53.06
0.0,60.08
0.0,60.08
0.0,68.0
0.0,69.08
0.0,69.08
0.0,73.94
0.0,75.92
0.0,75.92
0.0,73.04
0.0,66.92
0.0,60.980000000000004
0.0,60.980000000000004
0.0,60.980000000000004
0.0,60.980000000000004
0.0,60.08
0.0,57.92
0.0,57.92
0.0,55.04
0.0,51.98
0.0,51.98
0.0,51.08
0.0,51.08
0.0,51.08
0.0,55.04
0.0,55.94
0.0,55.94
0.0,57.02
0.0,57.02
0.0,57.02
0.0,64.04
0.0,62.059999999999995
0.0,62.059999999999995
0.0,60.08
0.0,57.02
0.0,57.02
0.0,53.06
0.0,53.06
0.0,53.06
0.0,51.08
0.0,51.08
0.0,51.08
0.0,51.8
0.0,50.0
0.0,50.0
0.0,50.0
0.0,51.08
0.2,51.08
0.5,51.08
2.2,51.98
0.2,51.98
0.0,53.06
0.0,59.0
0.0,59.0
0.0,60.08
0.0,57.92
0.0,57.92
0.0,57.92
0.8,57.92
0.6,57.92
0.2,59.0
1.0,57.02
0.2,57.02
0.0,57.02
0.2,59.0
0.4,59.0
0.1,55.94
0.3,57.02
1.7,55.4
0.8,57.02
0.2,57.02
0.0,57.02
0.0,55.4
0.0,55.04
0.0,55.4
0.8,57.92
6.2,55.94
2.4,55.94
0.8,55.4
0.0,59.0
0.0,59.0
0.0,60.08
0.0,62.059999999999995
0.0,62.059999999999995
0.0,57.02
0.0,55.94
0.0,55.94
0.0,55.94
0.0,55.04
0.0,55.04
0.0,53.96
0.0,51.98
0.0,51.98
0.0,48.92
0.0,48.92
0.0,48.92
0.0,50.0
0.0,50.0
0.0,50.0
0.0,50.0
0.1,51.08
0.2,51.08
0.2,51.98
0.3,51.98
0.0,53.06
0.0,53.96
0.0,53.96
0.0,53.96
0.0,51.98
0.0,51.08
0.0,51.08
0.0,51.08
0.0,50.0
0.0,50.0
0.0,48.92
0.0,48.92
0.0,48.92
0.0,48.02
0.0,48.02
0.0,48.02
0.0,53.06
0.0,57.92
0.0,57.92
0.0,62.059999999999995
0.0,62.959999999999994
0.0,62.959999999999994
0.0,64.94
1.1,71.06
0.0,71.06
0.0,71.06
0.0,71.06
0.0,71.06
0.0,69.98
0.0,60.08
0.0,60.08
0.0,60.980000000000004
0.0,60.980000000000004
0.0,60.980000000000004
0.0,60.08
0.0,57.92
0.0,57.92
0.0,59.0
0.0,57.92
0.0,57.92
0.0,60.08
0.0,60.08
0.0,66.02
0.0,73.94
0.0,75.92
0.0,75.92
0.0,78.08
0.0,75.92
0.0,75.92
0.0,78.08
0.0,78.08
0.0,78.08
0.0,66.02
0.0,66.02
0.0,66.02
0.0,59.0
0.0,57.92
0.0,57.92
0.0,55.94
0.0,53.96
0.0,53.96
0.0,53.06
0.0,53.96
0.0,53.96
0.0,57.92
0.0,62.059999999999995
0.0,62.059999999999995
0.0,66.02
0.0,66.92
0.0,66.92
0.0,71.06
0.0,71.96
0.0,71.96
0.0,73.04
0.0,71.06
0.0,71.06
0.0,66.92
0.0,60.08
0.0,60.08
0.0,55.94
0.0,55.04
0.0,55.04
0.0,53.06
0.0,53.06
0.0,53.06
0.0,51.98
0.0,51.98
0.0,51.98
0.0,55.94
0.0,60.08
0.0,60.08
0.0,60.08
0.0,59.0
0.0,59.0
0.0,55.04
0.0,55.04
0.0,53.06
0.4,51.08
0.5,51.08
0.2,51.08
0.2,51.08
0.6,51.08
1.0,50.0
0.7,50.0
0.4,50.0
0.6,50.0
0.9,48.02
0.5,48.02
0.4,48.2
0.5,48.02
0.3,48.02
0.3,46.4
0.2,46.94
0.2,46.94
0.4,46.94
0.1,46.94
0.1,46.94
0.0,46.94
0.0,46.94
0.1,46.94
0.0,48.2
0.0,46.94
0.0,46.94
0.0,46.4
0.0,46.94
0.0,46.94
0.0,46.4
0.0,46.94
0.0,46.94
0.0,46.94
0.0,46.94
0.0,46.94
0.0,46.94
0.0,46.94
0.0,46.94
0.0,46.94
0.0,50.0
0.0,51.08
0.0,51.08
0.0,55.04
0.0,55.04
0.0,55.04
0.0,53.96
0.0,51.98
0.0,51.98
0.0,50.0
0.0,48.92
0.0,48.92
3.4,48.02
0.6,48.92
0.0,48.92
0.0,48.92
0.0,48.92
0.0,48.92
0.0,48.92
0.0,48.92
0.0,48.92
0.0,48.92
0.5,48.92
1.0,48.92
0.3,50.0
0.9,51.08
1.2,51.08
0.0,55.94
0.0,60.980000000000004
0.0,60.980000000000004
0.0,62.959999999999994
0.0,64.94
0.0,64.94
0.0,69.08
0.0,66.02
0.0,66.02
0.0,55.94
0.0,53.06
0.0,53.06
0.0,51.08
0.0,48.02
0.0,48.02
0.0,46.04
0.0,44.96
0.0,44.96
0.0,44.06
0.0,44.06
0.0,44.06
0.0,46.94
0.0,48.92
0.0,48.92
0.0,48.92
0.0,50.0
0.0,50.0
0.0,51.08
0.0,53.06
0.0,53.06
0.0,51.98
0.0,51.08
0.0,51.08
0.0,50.0
0.0,48.92
0.0,48.92
0.0,48.02
0.0,46.94
0.0,46.94
0.0,46.04
0.0,44.96
0.0,44.96
0.0,44.06
0.0,44.06
0.0,44.06
0.0,48.02
0.0,51.98
0.0,51.98
0.0,57.02
0.0,57.02
0.0,57.02
0.0,60.980000000000004
0.0,62.959999999999994
0.0,62.959999999999994
0.0,62.959999999999994
0.0,55.94
0.0,55.94
0.0,50.0
0.0,50.0
0.0,50.0
0.0,48.92
0.0,48.02
0.0,48.02
0.0,48.02
0.0,46.94
0.0,46.94
0.0,46.04
0.0,46.94
0.0,46.94
0.0,48.02
0.0,55.04
0.0,55.04
0.0,60.08
0.0,59.0
0.0,59.0
0.0,57.92
0.0,57.92
0.0,55.4
0.0,55.04
0.0,53.06
0.0,53.06
0.0,51.08
0.0,50.0
0.0,50.0
0.0,51.08
0.0,51.08
0.0,51.08
0.0,51.08
0.0,50.0
0.0,50.0
0.0,51.08
0.0,51.08
0.0,51.08
0.0,50.0
0.0,53.06
0.0,53.06
0.0,62.059999999999995
0.0,62.059999999999995
0.0,66.02
0.0,68.0
0.0,64.94
0.4,69.08
0.0,68.0
0.0,68.0
0.0,64.04
0.0,60.08
0.0,59.0
0.0,59.0
0.0,57.02
0.0,51.98
0.0,51.98
0.0,48.02
0.0,46.04
0.0,46.04
0.0,44.96
0.0,44.96
0.0,44.96
0.0,44.96
0.0,48.92
0.0,48.92
0.0,53.06
0.0,55.04
0.0,55.04
0.0,55.94
0.0,55.04
0.0,55.04
0.0,53.96
0.0,50.0
0.0,50.0
0.0,46.94
0.0,46.04
0.0,46.04
0.0,46.04
0.0,44.96
0.0,44.96
0.0,44.06
0.0,44.06
0.0,44.06
0.0,44.96
0.0,46.04
0.0,46.04
0.0,46.94
0.0,53.96
0.0,53.96
0.0,55.94
0.0,55.94
0.0,55.94
0.0,57.92
0.0,57.92
0.0,57.92
0.0,57.02
0.0,51.98
0.0,51.98
0.0,48.92
0.0,48.02
0.0,48.02
0.0,48.02
0.0,46.94
0.0,46.94
0.0,46.04
0.0,46.04
0.0,46.04
0.0,46.04
0.0,46.04
0.0,46.04
0.0,46.94
0.0,53.96
0.0,53.96
0.0,57.02
0.0,59.0
0.0,59.0
0.0,57.92
0.0,57.02
0.0,57.02
0.0,51.98
0.0,51.98
0.0,51.98
0.0,51.98
0.0,51.08
0.0,51.08
0.0,51.08
0.2,51.08
0.1,51.08
0.0,50.0
0.0,51.08
0.2,51.08
0.0,51.08
0.0,51.98
0.0,51.98
0.0,53.96
0.0,57.02
0.0,57.02
0.0,60.980000000000004
0.0,64.94
0.0,64.94
0.0,75.02
0.0,71.06
0.0,73.04
0.0,73.04
0.0,68.0
0.0,68.0
0.4,64.04
0.0,64.04
0.0,60.08
0.0,62.059999999999995
0.0,60.08
0.0,60.08
0.0,60.08
0.0,60.08
0.0,57.92
0.0,62.059999999999995
0.0,59.0
0.0,59.0
0.0,60.08
0.0,69.08
0.0,69.08
0.0,75.92
0.0,77.0
0.2,77.0
0.1,82.04
1.3,82.04
0.0,75.02
0.1,66.02
0.0,66.92
0.0,66.92
7.8,62.959999999999994
0.0,62.959999999999994
0.0,60.8
0.0,59.0
0.0,59.0
0.0,59.0
0.0,57.92
0.0,57.02
0.0,57.02
0.0,55.94
0.0,55.04
0.0,55.04
0.0,55.4
0.0,55.94
0.0,55.94
0.0,59.0
0.0,59.0
0.0,62.6
0.0,64.04
0.0,60.980000000000004
0.0,60.980000000000004
0.0,62.059999999999995
0.0,57.02
0.0,55.4
0.1,53.06
0.0,53.6
0.0,51.8
0.0,51.98
0.0,51.98
0.0,51.8
0.1,53.6
0.4,53.06
0.3,53.6
0.0,53.06
0.2,53.96
0.0,55.4
0.0,55.94
0.0,57.92
0.0,60.8
0.0,66.92
0.0,69.98
0.0,73.4
0.0,71.06
0.0,69.08
0.0,64.4
0.0,62.6
0.0,60.08
0.0,60.08
0.0,57.02
0.0,55.04
0.0,55.04
0.0,53.96
0.0,53.96
0.0,53.96
0.0,53.6
0.0,51.98
0.0,51.98
0.0,51.98
0.0,53.06
0.0,53.6
0.0,55.04
0.0,57.02
0.0,57.2
0.0,66.02
0.0,71.06
0.0,71.06
0.0,75.02
0.0,73.4
0.0,73.94
0.0,73.04
0.0,69.08
0.0,69.08
0.0,64.94
0.0,64.94
0.0,62.959999999999994
0.0,66.92
0.0,64.94
0.0,64.94
0.0,60.980000000000004
0.0,57.92
0.0,57.92
0.0,55.94
0.0,55.94
0.0,55.4
0.0,55.94
0.0,57.02
0.0,57.02
0.0,57.92
0.0,59.0
0.0,59.0
0.0,60.980000000000004
0.0,60.980000000000004
0.0,60.980000000000004
0.0,57.02
0.0,55.04
0.0,55.04
0.0,53.06
0.0,51.98
0.0,51.98
0.0,51.98
0.0,51.98
0.0,51.98
0.0,51.98
0.0,51.98
0.0,51.98
0.0,51.08
0.0,51.08
0.0,53.06
0.0,53.06
0.0,59.0
0.0,59.0
0.0,60.08
0.0,59.0
0.0,59.0
0.0,55.04
0.0,55.94
0.0,55.94
0.0,55.94
0.0,53.96
0.0,53.96
0.0,53.06
0.0,53.06
0.3,53.06
0.3,51.08
0.0,51.08
0.0,51.08
0.1,50.0
0.0,50.0
0.2,51.08
1.2,50.0
0.6,50.0
0.0,50.0
0.0,51.08
0.0,51.98
0.0,51.98
0.3,51.98
0.6,51.98
1.2,51.98
0.8,51.98
1.6,51.98
0.9,51.98
0.8,51.98
0.7,51.98
0.0,51.98
0.0,53.06
0.4,53.96
0.4,53.96
0.1,53.96
0.0,53.96
0.0,53.96
0.0,53.96
0.0,53.96
0.0,53.96
0.0,53.96
0.0,53.96
0.0,55.4
0.0,57.02
0.0,57.92
0.0,57.92
0.0,60.8
0.0,64.04
0.0,62.6
0.0,66.92
0.0,73.04
0.0,73.04
0.0,71.06
0.0,66.92
0.0,66.92
0.0,64.94
0.0,64.94
0.0,64.94
0.0,62.059999999999995
0.0,60.08
0.0,60.08
0.0,60.980000000000004
0.0,62.059999999999995
0.0,62.059999999999995
0.0,62.059999999999995
0.0,62.059999999999995
0.0,62.059999999999995
0.0,64.94
0.0,69.98
0.0,69.98
0.0,75.02
0.0,75.92
0.0,75.92
0.0,78.08
0.0,80.06
0.0,80.06
0.0,75.02
0.0,71.06
0.0,71.06
0.0,68.0
0.0,68.0
0.0,68.0
0.0,66.02
0.0,66.92
0.0,66.92
0.0,66.92
0.0,66.02
0.0,66.02
0.0,64.4
0.0,64.04
0.5,64.04
0.0,64.94
0.0,66.02
0.0,66.02
0.0,73.94
0.0,78.08
0.0,80.6
0.0,80.6
0.0,82.94
0.0,82.4
0.0,82.04
0.0,78.98
0.0,78.98
0.0,78.98
0.0,75.92
0.0,75.92
0.0,71.96
0.0,69.98
0.0,69.98
0.0,66.02
0.0,66.02
0.0,66.02
0.0,64.94
0.0,62.959999999999994
0.0,62.959999999999994
0.0,64.04
0.0,66.92
0.0,66.92
0.0,66.02
0.0,64.94
0.0,64.94
0.0,66.02
0.0,68.0
0.0,68.0
0.0,66.02
0.0,64.94
0.0,64.94
0.0,62.059999999999995
0.0,60.980000000000004
0.2,60.980000000000004
0.0,60.980000000000004
0.0,57.2
0.0,55.4
0.0,53.96
0.0,53.6
1.1,51.98
1.5,51.8
0.9,51.08
0.5,51.08
2.4,51.08
2.0,51.08
0.4,51.08
0.4,53.06
0.3,53.96
0.3,53.96
0.5,53.06
1.1,53.06
0.8,53.06
0.3,51.98
0.1,51.98
0.0,51.98
0.0,51.08
0.0,51.08
0.0,51.08
0.0,51.08
0.0,51.08
0.0,51.08
0.0,51.8
0.0,50.0
0.0,50.0
0.0,50.0
0.0,50.0
0.0,50.0
0.0,55.04
0.0,59.0
0.0,59.0
0.0,62.059999999999995
0.0,60.08
0.0,60.08
0.0,59.0
0.0,59.0
0.0,59.0
0.0,55.04
0.0,53.96
0.0,53.96
0.0,53.06
0.0,53.06
0.0,53.6
0.0,51.98
0.0,51.98
0.0,51.98
0.4,51.98
0.6,51.08
0.3,51.08
0.0,51.08
0.0,50.0
0.3,50.0
0.8,48.92
1.0,48.92
1.2,51.8
1.4,51.08
0.4,51.08
0.2,51.8
0.2,53.96
0.4,55.94
0.0,55.94
0.0,57.92
0.0,55.04
0.0,55.04
0.0,51.98
0.0,51.98
0.0,51.98
0.0,51.98
0.0,51.8
0.0,51.8
0.0,50.0
0.0,50.0
0.0,50.0
0.0,50.0
0.0,51.08
0.0,51.08
0.0,51.08
0.0,53.06
0.0,53.6
0.0,57.92
0.0,62.059999999999995
0.0,62.059999999999995
0.0,64.4
0.0,64.04
0.0,64.04
0.0,62.059999999999995
0.0,60.980000000000004
0.0,60.980000000000004
0.0,57.92
0.0,57.92
0.0,57.92
0.0,59.0
0.0,59.0
0.0,59.0
0.0,57.02
0.0,57.02
0.0,57.02
0.0,55.94
0.0,57.02
0.0,57.02
0.0,59.0
0.0,66.02
0.0,66.02
0.0,69.98
0.0,66.92
0.0,66.92
0.0,69.98
0.0,69.08
0.0,69.08
0.0,68.0
0.3,66.92
0.0,66.92
0.0,64.94
0.1,62.959999999999994
1.2,62.959999999999994
1.1,62.059999999999995
0.8,62.059999999999995
0.1,62.059999999999995
0.0,60.08
0.2,60.08
0.6,59.0
0.2,60.08
0.1,59.0
0.0,59.0
0.0,60.08
0.2,60.08
0.5,60.8
0.5,60.980000000000004
0.2,62.059999999999995
0.1,62.059999999999995
0.0,64.94
0.0,62.059999999999995
0.0,62.059999999999995
0.0,60.8
0.0,60.08
0.0,60.08
0.1,60.08
0.1,60.08
0.1,60.08
0.2,60.08
0.3,60.980000000000004
0.0,60.980000000000004
0.1,60.08
0.2,60.08
0.1,60.08
0.0,59.0
0.1,60.08
0.1,60.08
0.2,60.8
0.3,60.980000000000004
0.1,62.6
0.0,64.04
0.1,64.04
0.3,64.04
0.2,66.02
0.3,64.94
0.3,64.94
0.2,64.04
0.2,64.04
0.2,62.6
0.2,62.059999999999995
0.0,62.959999999999994
0.0,62.959999999999994
0.0,62.959999999999994
0.0,60.980000000000004
0.0,60.980000000000004
0.0,60.08
0.0,60.08
0.0,60.08
0.0,60.08
0.0,60.08
0.0,60.08
0.0,62.959999999999994
0.0,64.94
0.0,64.94
0.0,66.92
0.0,69.08
0.0,69.08
0.0,69.98
0.0,71.06
0.0,71.06
0.0,68.0
0.0,68.0
0.0,68.0
0.0,69.08
0.0,62.959999999999994
0.0,62.959999999999994
0.0,62.059999999999995
0.0,60.08
0.0,60.08
0.0,60.08
0.0,60.980000000000004
0.0,60.980000000000004
0.0,60.08
0.0,60.08
0.0,60.08
0.0,60.980000000000004
0.0,66.02
0.0,66.02
0.0,69.08
0.0,68.0
0.0,68.0
0.0,66.02
0.0,64.04
0.1,64.04
0.4,62.959999999999994
0.7,60.980000000000004
0.5,60.980000000000004
0.4,59.0
0.3,59.0
0.2,59.0
0.0,60.08
0.0,60.08
0.0,60.8
0.0,60.980000000000004
0.0,60.980000000000004
0.0,60.980000000000004
0.0,60.980000000000004
0.0,60.980000000000004
0.0,60.980000000000004
0.0,62.059999999999995
0.0,66.02
0.0,66.02
0.0,69.08
0.0,73.04
0.0,73.04
0.0,73.04
0.0,73.94
0.0,73.94
0.0,71.96
0.0,64.94
0.0,64.94
0.0,59.0
0.0,57.92
0.0,57.92
0.0,57.02
0.0,57.02
0.0,57.02
0.0,57.02
0.0,57.02
0.0,57.02
0.0,57.92
0.0,59.0
0.0,59.0
0.0,60.8
0.0,66.02
0.0,66.02
0.0,71.06
0.0,69.98
0.0,69.98
0.0,71.96
0.0,71.06
0.0,71.06
0.0,69.8
0.0,64.94
0.0,64.94
0.0,62.959999999999994
0.0,60.980000000000004
0.0,60.980000000000004
0.0,60.980000000000004
0.0,60.08
0.0,60.08
0.0,59.0
0.0,59.0
0.0,57.2
0.0,57.92
0.0,57.92
0.0,57.92
0.0,60.980000000000004
0.0,68.0
0.0,68.0
0.0,75.92
0.0,77.0
0.0,77.0
0.0,82.04
0.0,80.6
0.0,80.6
0.0,80.6
0.0,75.92
0.0,75.92
0.0,73.94
0.0,73.04
0.0,73.04
0.0,73.04
0.0,69.98
0.0,69.98
0.0,69.08
0.0,66.92
0.0,66.92
0.0,64.94
0.0,64.04
0.0,64.04
0.0,66.92
0.0,66.92
0.0,78.98
0.0,78.98
0.0,82.04
0.0,82.04
0.0,78.98
0.0,78.98
0.0,78.98
0.0,80.06
0.0,75.92
0.0,75.92
0.0,75.02
0.0,73.94
0.0,73.94
0.0,73.04
0.0,71.06
0.0,71.06
0.0,71.06
0.0,69.98
0.0,69.98
0.0,68.0
0.2,69.08
0.0,69.08
0.0,69.08
8.1,69.98
0.2,68.0
1.1,71.96
2.5,75.02
0.5,75.02
0.5,75.92
0.2,77.0
0.0,77.0
0.5,78.08
0.0,73.94
0.0,73.94
0.0,71.96
0.0,73.04
0.0,73.04
0.0,71.06
0.0,69.08
0.0,69.08
0.0,69.08
0.0,69.08
0.0,69.08
0.0,68.0
0.0,66.92
0.0,66.92
0.0,71.96
0.0,71.96
0.0,78.8
0.0,80.06
0.0,82.94
0.0,82.94
0.0,84.91999999999999
0.0,84.02
0.0,84.02
0.0,84.91999999999999
0.0,80.96
0.0,80.96
0.0,78.08
0.0,75.02
0.0,69.98
0.0,69.98
0.0,69.98
0.0,69.98
0.0,71.96
0.0,69.08
0.0,69.08
0.0,69.08
0.0,66.02
0.0,66.02
0.0,69.08
0.0,75.02
0.0,78.08
0.0,78.08
0.0,78.08
0.0,77.0
0.0,78.08
0.0,78.08
0.0,78.08
0.0,75.02
0.0,71.96
0.0,71.96
0.0,66.92
0.0,66.02
0.0,66.02
0.0,66.02
0.0,66.92
0.0,66.92
0.0,66.02
0.0,66.02
0.0,66.02
0.0,66.02
0.0,66.02
0.0,66.02
0.0,66.92
0.0,71.06
0.0,71.06
0.0,71.06
0.0,75.92
0.0,75.92
0.0,78.98
0.0,78.98
0.0,78.98
0.0,75.92
0.0,71.96
0.0,71.96
0.0,69.8
0.0,68.0
0.0,68.0
0.0,66.02
0.0,66.02
0.0,66.02
0.0,66.02
0.0,66.02
0.0,66.02
0.3,66.92
0.0,66.92
0.0,68.0
0.1,68.0
3.6,69.08
0.3,69.08
0.0,69.98
4.9,73.4
7.1,73.04
0.0,69.98
0.0,69.08
1.5,69.08
4.2,68.0
2.3,66.92
3.7,66.92
0.7,66.2
1.3,66.02
0.0,66.2
5.5,68.0
0.0,66.2
0.0,66.92
0.0,66.02
0.0,66.02
0.0,68.0
0.0,68.0
0.0,68.0
0.0,68.0
0.0,69.08
0.0,73.94
0.0,73.94
0.0,77.0
0.0,77.0
0.0,77.0
0.0,78.08
0.0,78.98
0.0,78.98
0.0,80.06
0.0,78.08
0.0,78.08
0.0,71.96
0.0,69.08
0.0,69.08
0.0,66.92
0.0,66.02
0.0,66.02
0.0,64.94
0.0,64.04
0.0,64.04
0.0,62.959999999999994
0.0,62.959999999999994
0.0,62.959999999999994
0.0,66.02
0.0,71.06
0.0,71.06
0.0,75.02
0.0,73.04
0.0,75.02
0.0,75.02
0.0,77.0
0.0,77.0
0.4,75.02
0.3,71.06
0.0,71.06
0.4,66.92
0.3,62.059999999999995
0.0,62.059999999999995
0.0,62.059999999999995
0.0,62.059999999999995
0.1,62.6
0.4,60.980000000000004
0.4,60.980000000000004
0.3,60.980000000000004
0.0,60.8
0.0,59.0
0.0,59.0
0.0,60.980000000000004
0.0,62.059999999999995
0.0,62.059999999999995
0.0,69.98
0.0,69.98
0.0,69.98
0.0,71.96
0.0,71.06
0.0,71.06
0.0,71.06
0.0,69.98
0.0,69.98
0.0,68.0
0.0,68.0
0.0,68.0
0.0,64.94
0.0,64.04
0.0,64.04
0.0,62.059999999999995
0.0,62.059999999999995
0.0,62.059999999999995
0.0,60.980000000000004
0.0,60.08
0.0,60.08
0.0,64.04
0.0,69.98
0.0,69.98
0.0,73.94
0.0,73.94
0.0,73.94
0.0,75.92
0.0,78.08
0.0,78.08
0.0,78.08
0.0,75.02
0.0,75.02
0.0,71.96
0.0,71.06
0.0,71.06
0.0,69.98
0.0,66.92
0.0,66.92
0.0,64.94
0.0,64.94
0.0,64.94
0.0,64.04
0.0,64.04
0.0,64.04
0.0,66.92
0.0,73.94
0.0,73.94
0.0,77.0
0.0,80.96
0.0,80.96
0.0,80.06
0.0,82.04
0.0,82.04
0.0,82.04
0.0,82.04
0.0,78.98
0.0,75.92
0.0,75.92
0.0,71.06
0.0,73.94
0.0,71.06
0.0,71.06
0.0,69.08
0.0,66.92
0.0,66.92
0.0,64.94
0.0,64.94
0.0,64.94
0.0,66.02
0.0,69.98
0.0,69.98
0.0,80.96
0.0,82.04
0.0,82.04
0.0,80.96
0.0,77.0
0.0,77.0
0.0,77.0
0.0,75.92
0.0,75.92
0.0,71.06
0.0,69.98
0.0,69.98
0.0,68.0
0.0,71.06
0.0,71.06
0.0,69.08
0.0,71.06
0.0,71.06
0.0,69.98
0.0,69.08
0.0,69.08
0.0,71.96
0.0,75.92
0.0,75.92
0.0,80.96
0.0,82.04
0.0,82.04
0.0,86.0
0.0,87.08000000000001
0.0,87.08000000000001
0.0,84.2
0.0,82.04
0.0,82.04
0.0,78.08
0.0,75.92
0.0,75.92
0.0,73.04
0.0,73.04
0.0,73.04
0.0,73.94
0.0,69.98
0.0,69.98
0.0,69.08
0.0,69.08
0.0,69.08
0.0,69.08
0.0,69.98
0.0,75.02
0.0,75.92
0.0,77.0
0.0,77.0
0.0,78.98
0.0,78.98
0.0,78.98
0.0,73.94
0.0,71.06
0.0,71.06
0.0,69.08
0.0,66.92
0.0,66.92
0.0,66.02
0.0,66.02
0.0,66.02
0.0,64.94
0.0,66.02
0.0,66.02
0.0,66.02
0.0,64.94
0.0,64.94
0.0,68.0
0.0,68.0
0.0,71.6
0.1,73.4
0.0,77.0
0.0,77.0
0.2,78.8
0.0,77.0
0.0,77.0
0.0,73.94
0.0,73.94
0.0,73.94
0.0,71.96
0.0,69.98
0.0,69.98
0.0,69.08
1.8,69.98
6.0,69.8
3.0,69.08
4.8,69.08
5.3,69.08
1.5,69.08
0.0,69.08
0.0,69.08
0.0,69.08
0.0,73.04
0.0,73.04
0.2,77.0
0.2,78.98
0.0,78.98
3.1,82.94
0.1,75.2
8.9,75.2
1.0,77.0
0.0,80.06
0.0,80.06
0.0,78.08
0.5,73.04
0.0,73.04
0.0,69.08
0.0,68.0
0.0,68.0
0.0,69.08
0.0,69.98
0.0,69.98
0.0,69.08
0.0,69.98
0.0,69.98
0.0,73.04
0.0,73.04
0.0,75.02
0.0,77.0
0.0,80.96
0.0,80.96
0.0,82.04
0.0,80.06
0.0,80.06
0.0,82.94
0.0,80.06
0.0,80.06
0.0,71.96
0.0,69.98
0.0,69.98
0.0,68.0
0.0,66.92
0.0,66.92
0.0,64.94
0.0,64.94
0.0,64.94
0.0,64.04
0.0,66.02
0.0,66.02
0.0,69.08
0.0,73.94
0.0,73.94
0.0,75.92
0.0,75.92
0.0,77.0
0.0,77.0
0.0,78.98
0.0,78.98
0.0,80.06
0.0,77.0
0.0,77.0
0.0,73.94
0.0,71.96
0.0,71.96
0.0,69.98
0.0,69.98
0.0,69.98
0.0,69.08
0.0,68.0
0.0,68.0
0.0,69.98
0.0,69.08
0.0,69.08
0.0,69.98
0.0,69.08
0.0,69.08
1.3,69.98
2.0,75.02
0.0,75.02
0.0,77.0
0.0,78.98
0.0,78.98
0.0,78.98
0.0,77.0
0.0,77.0
0.0,71.96
0.0,71.06
0.0,71.06
0.0,69.98
0.0,68.0
0.0,68.0
0.0,66.02
0.0,64.94
0.0,64.94
0.0,64.04
0.0,62.959999999999994
0.0,62.959999999999994
0.0,64.94
0.0,69.98
0.0,69.98
0.0,71.96
0.0,75.02
0.0,75.02
0.0,73.94
0.0,75.92
0.0,75.92
0.0,75.92
0.0,73.94
0.0,73.94
0.0,71.06
0.0,69.98
0.0,69.98
0.0,68.0
0.0,66.02
0.0,66.02
0.0,64.94
0.0,64.04
0.0,64.04
0.0,62.059999999999995
0.0,62.959999999999994
0.0,62.959999999999994
0.0,64.04
0.0,69.98
0.0,69.98
0.1,73.04
0.1,71.06
0.2,71.06
0.2,71.06
0.1,71.96
0.2,71.96
0.2,69.98
0.6,69.08
0.1,69.08
0.0,68.0
0.0,68.0
0.0,68.0
0.0,68.0
0.0,68.0
0.0,68.0
0.0,66.02
0.0,66.02
0.0,66.02
0.0,64.04
0.0,64.94
0.0,64.94
0.0,68.0
0.0,71.96
0.0,71.96
0.0,73.04
0.0,75.02
0.0,75.02
0.0,73.94
0.0,75.92
0.0,75.92
0.0,73.04
0.0,73.04
0.0,71.96
0.0,69.98
0.0,68.0
0.0,68.0
0.0,68.0
0.0,66.92
0.0,66.92
0.0,64.94
0.0,64.94
0.0,64.94
0.0,64.04
0.0,64.94
0.0,64.94
0.0,66.92
0.0,75.02
0.0,75.02
0.0,82.04
0.0,82.94
0.0,82.94
0.0,82.04
0.0,80.96
0.0,80.96
0.0,80.06
0.0,78.08
0.0,78.08
0.0,75.92
0.0,75.02
0.0,75.02
0.0,73.04
0.0,71.06
0.0,71.06
0.0,69.08
0.0,69.08
0.0,69.08
0.0,69.08
0.0,69.08
0.0,69.08
0.0,69.98
0.0,75.92
0.0,75.92
0.6,80.96
0.4,84.02
0.0,84.02
0.2,82.94
8.3,82.04
3.5,82.04
0.5,80.96
0.0,82.04
0.0,66.2
0.2,69.08
0.4,69.08
0.5,69.08
0.0,69.98
0.0,69.08
2.7,69.08
0.4,68.0
0.0,66.92
0.0,66.92
0.0,66.92
0.0,66.92
0.0,66.92
0.0,68.0
0.0,75.02
0.0,75.02
0.0,78.98
0.0,78.98
0.0,78.98
0.0,80.96
0.0,82.04
0.0,82.04
0.0,82.94
0.0,78.98
0.0,78.98
0.0,75.92
0.0,75.02
0.0,75.02
0.0,71.96
0.0,71.06
0.0,71.06
0.0,69.08
0.0,68.0
0.0,68.0
0.0,64.94
0.0,64.94
0.0,64.94
0.0,64.94
0.0,69.08
0.0,69.08
0.0,75.92
0.0,75.02
0.0,75.02
0.0,75.02
0.0,73.94
0.0,73.94
0.0,73.04
0.0,69.08
0.0,69.08
0.0,68.0
0.0,66.02
0.0,66.02
0.0,66.02
0.0,66.02
0.0,66.02
0.0,66.02
0.0,66.02
0.0,66.02
0.0,66.02
0.0,66.92
0.0,68.0
0.0,71.06
0.0,75.02
0.0,75.02
0.0,80.96
0.0,80.96
0.0,84.02
0.0,84.02
0.0,82.04
0.0,82.04
0.0,78.98
0.0,78.08
0.0,78.08
0.0,77.0
0.0,75.92
0.0,75.92
0.0,73.94
0.0,73.04
0.0,73.04
0.0,71.06
0.0,71.06
0.0,71.06
0.0,69.98
0.0,71.06
0.0,71.06
0.0,73.04
0.0,78.98
0.0,78.98
0.0,84.02
0.0,86.0
0.0,86.0
0.0,84.02
0.0,84.02
0.0,84.02
0.0,84.02
0.0,80.06
0.0,80.06
0.0,78.08
0.0,77.0
0.0,77.0
0.0,75.02
0.0,73.94
0.0,73.94
0.0,71.96
0.0,71.06
0.0,71.06
0.0,71.06
0.0,71.06
0.0,71.06
0.0,73.04
0.0,77.0
0.0,77.0
0.0,84.02
0.0,86.0
0.0,86.0
0.0,84.91999999999999
0.0,84.02
0.0,84.02
0.0,82.94
0.0,80.96
0.0,80.96
0.0,78.08
0.0,75.92
0.0,75.92
0.0,73.94
0.0,73.04
0.0,73.04
0.0,71.96
0.0,71.06
0.0,71.06
0.0,69.98
0.0,69.98
0.0,69.98
0.0,73.94
0.0,80.96
0.0,80.96
0.0,87.98
0.0,89.06
0.0,89.06
0.0,91.03999999999999
0.0,89.96000000000001
0.0,89.96000000000001
0.0,87.08000000000001
0.0,84.91999999999999
0.0,84.91999999999999
0.0,80.06
0.0,80.06
0.0,80.06
0.0,78.08
0.0,80.06
0.0,80.06
0.0,78.08
0.0,75.92
0.0,75.92
0.0,75.92
0.0,75.92
0.0,75.92
0.0,77.0
0.0,82.94
0.0,82.94
0.0,91.94
0.0,91.94
0.0,93.02
0.0,93.02
0.0,93.02
0.0,93.02
0.0,89.06
0.0,87.98
0.0,87.98
0.0,80.96
0.0,78.98
0.0,78.98
0.0,77.0
0.0,75.92
0.0,75.92
0.0,77.0
0.0,77.0
0.0,77.0
0.0,75.92
0.0,75.92
0.0,75.92
0.0,78.08
0.0,80.96
0.0,80.96
0.0,89.06
0.0,91.94
0.0,91.94
0.4,87.8
1.2,84.2
0.0,80.6
0.0,84.91999999999999
0.0,80.96
0.0,80.96
0.0,80.96
0.0,75.92
0.0,75.92
0.0,75.02
0.0,73.94
0.0,73.94
0.0,75.02
0.0,73.94
0.0,73.94
0.0,75.02
0.0,75.02
0.0,75.02
0.0,75.92
0.0,80.96
0.0,80.96
0.0,86.0
0.0,91.03999999999999
0.0,91.03999999999999
0.0,91.94
0.0,91.94
0.0,91.94
0.0,87.98
0.0,87.98
0.0,87.98
0.0,84.91999999999999
0.0,78.08
0.0,78.08
0.0,75.92
0.0,75.92
0.0,75.92
0.0,75.92
0.0,77.0
0.0,77.0
0.0,78.08
0.0,77.0
0.0,77.0
0.0,77.0
0.0,80.06
0.0,80.06
0.0,78.98
0.0,78.08
0.0,78.08
0.0,78.98
0.0,78.08
0.0,78.08
0.0,77.0
0.0,75.92
0.0,73.94
0.0,73.94
0.0,73.94
0.0,73.94
0.0,73.94
0.0,73.04
0.0,71.96
0.0,71.96
0.0,71.06
0.0,71.06
0.0,71.06
0.0,69.98
0.0,71.06
0.0,71.96
0.0,75.02
0.0,82.04
0.0,84.91999999999999
0.0,87.08000000000001
0.0,87.08000000000001
0.0,87.08000000000001
0.0,87.98
0.0,87.98
0.0,89.96000000000001
0.0,89.06
0.0,84.91999999999999
0.0,82.94
0.0,78.08
0.0,78.08
0.0,77.0
0.0,75.02
0.0,75.02
0.0,75.02
0.0,73.04
0.0,73.04
0.0,73.04
0.0,73.04
0.0,73.04
0.0,75.92
0.0,80.06
0.0,80.06
0.0,84.02
0.0,87.08000000000001
0.0,87.08000000000001
0.0,87.08000000000001
0.0,89.96000000000001
0.0,89.96000000000001
0.5,91.03999999999999
0.0,91.03999999999999
0.0,86.0
0.0,86.0
2.4,73.94
0.1,73.94
0.0,73.4
0.0,71.06
0.0,71.06
0.1,68.0
1.1,68.0
2.3,69.8
3.6,68.0
0.0,69.08
0.0,69.08
0.0,69.98
0.0,75.92
0.0,75.92
0.0,80.96
0.0,80.96
0.0,80.96
0.0,84.02
0.0,84.91999999999999
0.0,84.91999999999999
0.0,84.02
0.0,82.04
0.0,82.04
0.0,75.92
0.0,75.02
0.0,75.02
0.0,71.06
0.0,69.98
0.0,69.98
0.0,68.0
0.0,66.92
0.0,66.92
0.0,66.02
0.0,66.02
0.0,66.02
0.0,66.02
0.0,71.06
0.0,71.06
0.0,75.02
0.0,75.92
0.0,75.92
0.0,75.92
0.0,75.92
0.0,78.8
0.0,77.0
0.0,71.06
0.0,71.06
0.0,68.0
0.0,66.92
0.0,66.92
0.0,66.92
0.0,66.92
0.0,66.92
0.0,66.92
0.0,66.92
0.0,68.0
0.0,69.08
0.0,69.08
0.0,69.08
0.0,71.06
0.0,71.96
0.0,71.96
0.0,75.92
0.0,75.92
0.0,75.92
0.0,78.98
0.0,78.98
0.0,78.98
0.0,78.08
0.0,75.92
0.0,75.92
0.0,73.94
0.0,73.94
0.0,73.94
0.0,73.94
0.0,73.94
0.3,73.4
1.6,73.04
0.5,73.94
1.0,73.4
0.0,73.94
0.0,73.94
0.0,75.2
0.0,75.92
0.0,78.08
0.0,78.08
0.0,78.98
0.6,78.98
0.7,78.98
8.3,80.96
2.8,80.96
1.6,80.6
0.0,71.96
0.0,71.96
1.7,71.6
6.4,71.96
0.0,73.04
0.0,73.04
0.0,71.96
0.0,69.98
0.0,69.98
0.0,66.92
0.0,66.02
0.0,66.02
0.0,64.94
0.0,64.94
0.0,66.92
0.0,69.98
0.0,73.94
0.0,73.94
0.0,77.0
0.0,78.08
0.1,78.08
0.0,80.06
0.0,80.96
0.0,80.96
0.0,80.96
0.0,78.98
0.0,78.98
0.0,75.02
0.0,75.02
0.0,75.02
0.0,73.04
0.0,73.94
0.0,73.94
0.0,71.06
0.0,69.08
0.0,68.0
0.0,69.08
0.0,68.0
0.0,68.0
0.0,71.06
0.0,75.92
0.0,78.98
0.0,82.04
0.0,82.04
0.0,82.04
0.0,82.94
0.0,82.04
0.0,82.04
0.0,80.96
0.0,78.98
0.0,78.98
0.0,77.0
0.0,73.04
0.0,73.04
0.0,71.96
0.0,71.96
0.0,71.96
0.0,69.08
0.0,69.08
0.0,69.08
0.0,68.0
0.0,68.0
0.0,68.0
0.0,69.98
0.0,77.0
0.0,77.0
0.0,80.06
0.0,80.06
0.0,80.06
0.0,80.06
0.0,80.06
0.0,80.06
0.0,78.08
0.0,75.92
0.0,75.92
0.0,71.96
0.0,71.06
0.0,71.06
0.0,69.98
0.0,69.98
0.0,69.98
0.0,69.98
0.0,69.98
0.0,69.98
0.0,69.98
0.0,69.98
0.0,69.98
0.0,71.6
0.0,75.02
0.0,75.02
0.0,78.98
0.0,84.02
0.0,84.02
0.0,84.91999999999999
0.0,84.91999999999999
0.0,84.91999999999999
0.0,84.02
0.0,78.98
0.0,78.98
0.0,75.92
0.0,75.92
0.0,75.92
0.0,73.94
0.0,73.94
0.0,73.4
0.0,73.94
0.0,73.94
0.0,73.94
0.0,71.96
0.0,73.04
0.0,73.94
0.0,73.94
0.0,78.8
0.0,80.6
0.0,84.91999999999999
0.0,84.91999999999999
0.0,84.91999999999999
0.7,87.98
0.3,87.08000000000001
1.0,87.08000000000001
0.9,84.91999999999999
0.2,84.91999999999999
0.0,80.6
0.0,77.0
0.0,78.08
0.0,78.08
0.0,77.0
0.0,75.02
0.0,75.02
0.0,75.02
0.0,73.94
0.0,73.94
0.0,71.96
0.0,71.96
0.0,71.96
0.0,73.4
0.0,78.08
0.0,78.08
0.0,82.94
0.0,86.0
0.0,86.0
0.0,91.03999999999999
0.4,87.98
0.0,89.06
0.0,87.08000000000001
0.0,86.0
0.0,86.0
0.0,78.98
0.0,78.98
0.0,80.96
0.0,77.0
0.0,80.96
0.0,80.96
0.0,78.98
0.0,75.92
0.0,75.92
0.0,78.98
0.0,78.98
0.0,78.98
0.0,80.96
0.0,82.94
0.0,82.94
0.0,86.0
0.0,84.91999999999999
0.0,84.91999999999999
0.3,87.08000000000001
0.2,91.03999999999999
0.0,91.03999999999999
0.0,89.06
0.0,84.91999999999999
0.0,84.91999999999999
0.0,80.96
0.0,80.06
0.0,80.06
0.0,75.92
0.0,75.02
0.0,75.02
0.0,75.02
0.0,75.92
0.0,75.92
0.0,75.02
0.0,75.92
0.0,75.92
0.0,78.98
0.0,84.02
0.0,84.02
0.0,86.0
0.0,86.0
0.2,86.0
0.0,89.06
0.0,87.98
0.0,87.98
0.0,89.06
0.0,82.94
0.0,82.94
0.0,78.98
0.0,75.92
0.0,75.92
0.0,75.02
0.0,75.02
0.0,75.02
0.0,75.02
0.0,75.02
0.0,75.02
0.0,73.94
0.0,73.94
0.0,73.94
0.0,77.0
0.0,80.96
0.0,80.96
0.0,84.02
0.0,84.91999999999999
0.0,84.91999999999999
0.0,86.0
0.0,86.0
0.0,87.08000000000001
0.0,82.94
0.0,84.02
0.0,84.02
0.0,84.02
0.0,82.94
0.0,82.94
0.0,80.96
0.0,80.96
0.0,80.96
0.0,80.06
0.0,78.98
0.0,78.98
0.0,78.08
0.0,78.08
0.0,78.08
0.0,80.06
0.0,82.94
0.0,82.94
0.0,86.0
0.0,87.98
0.0,87.98
0.0,87.08000000000001
0.0,86.0
0.0,84.91999999999999
0.0,84.91999999999999
0.0,82.04
0.0,82.04
0.0,80.06
0.0,77.0
0.0,77.0
0.0,77.0
0.0,77.0
0.4,77.0
0.5,77.0
0.3,75.92
0.0,75.92
0.0,75.2
0.0,75.92
0.0,75.92
0.0,77.0
0.0,80.06
0.0,80.06
0.0,82.94
0.0,86.0
0.0,86.0
0.0,87.98
0.0,89.96000000000001
0.0,89.96000000000001
0.0,89.96000000000001
0.0,87.08000000000001
0.0,87.08000000000001
0.0,84.02
0.0,80.06
0.0,80.06
0.0,78.08
0.0,77.0
0.0,77.0
0.0,75.92
0.0,75.02
0.0,75.02
0.0,77.0
0.0,77.0
0.0,77.0
0.8,73.94
1.6,75.92
0.0,75.92
0.0,78.08
0.0,78.98
0.2,78.8
0.6,80.06
0.0,80.96
0.2,82.4
0.3,82.04
2.6,82.04
0.2,78.8
0.0,78.98
0.0,78.98
0.4,78.98
8.1,78.08
0.1,77.0
0.2,75.2
0.5,75.92
2.1,75.02
2.9,75.02
0.3,75.2
0.3,73.94
0.5,73.4
0.2,73.94
1.0,73.94
0.1,75.2
0.2,77.0
0.0,77.0
0.1,82.94
0.0,82.94
0.0,84.91999999999999
0.2,86.0
0.0,84.91999999999999
0.0,82.94
0.0,82.94
0.0,80.96
0.0,80.06
0.0,80.6
0.0,80.6
0.0,78.98
0.0,78.98
0.0,78.08
0.0,78.08
0.0,77.0
0.0,77.0
0.0,77.0
0.0,78.8
0.0,78.08
0.0,84.02
0.0,87.8
0.0,87.08000000000001
0.0,87.98
0.0,87.98
0.0,84.02
0.0,80.96
0.0,82.4
0.0,84.91999999999999
0.0,82.04
0.0,82.04
0.0,78.98
0.0,78.08
0.0,78.08
0.0,78.08
0.0,78.08
0.0,78.08
0.0,75.92
0.0,75.92
0.0,75.2
0.0,75.2
0.0,75.02
0.0,75.02
0.0,77.0
0.0,77.0
0.0,80.6
0.0,84.02
0.0,86.0
0.0,86.0
0.0,89.96000000000001
0.0,89.06
0.0,89.06
0.0,91.03999999999999
0.0,91.03999999999999
0.0,91.03999999999999
0.0,89.06
0.0,87.08000000000001
0.0,87.08000000000001
0.0,84.91999999999999
0.0,84.02
0.0,84.02
0.0,82.94
0.0,82.04
0.0,82.04
0.0,80.06
0.0,80.06
0.0,80.06
0.0,78.98
0.0,87.08000000000001
0.0,87.08000000000001
0.0,93.91999999999999
0.0,93.02
0.0,93.02
0.0,93.02
0.0,91.94
0.4,91.94
0.0,93.02
0.0,93.02
0.0,89.96000000000001
0.0,84.02
0.0,82.94
0.0,82.94
0.0,78.98
0.0,78.08
0.0,78.08
0.0,77.0
0.0,78.08
0.0,78.08
0.0,78.98
0.0,78.98
0.0,78.98
0.0,78.08
0.0,78.98
0.0,78.98
0.0,82.4
0.0,87.08000000000001
0.0,87.08000000000001
0.0,89.06
0.5,87.08000000000001
2.1,87.98
9.5,87.08000000000001
0.2,84.91999999999999
0.0,84.91999999999999
0.0,84.02
0.0,82.4
1.1,75.2
1.6,73.94
1.8,73.94
0.0,73.94
0.0,73.94
0.0,73.94
0.0,73.4
0.0,73.04
0.0,73.04
0.0,73.04
0.0,75.92
0.0,77.0
0.0,77.0
0.0,84.02
0.0,84.91999999999999
0.0,84.91999999999999
0.0,87.08000000000001
0.0,87.08000000000001
0.0,87.08000000000001
0.0,87.08000000000001
0.0,84.02
0.0,84.02
0.0,80.06
0.0,78.98
0.0,78.98
0.0,75.92
0.0,73.94
0.0,73.94
0.0,71.96
0.0,71.96
0.0,69.98
0.0,69.08
0.0,69.98
0.0,69.98
0.0,71.06
0.0,77.0
0.0,77.0
0.0,80.96
0.0,82.04
0.0,82.04
0.0,84.91999999999999
0.0,84.91999999999999
0.0,84.91999999999999
0.0,84.02
0.0,80.06
0.0,80.06
0.0,75.92
0.0,75.02
0.0,73.4
0.0,73.04
0.0,71.96
0.0,71.6
0.0,71.96
0.0,71.06
0.0,71.06
0.0,69.98
0.0,71.06
0.0,71.06
0.0,73.04
0.0,77.0
0.0,77.0
0.1,80.06
0.0,82.04
0.0,82.04
0.0,82.94
0.0,84.02
0.0,84.02
0.0,80.96
0.0,78.98
0.0,78.98
0.0,77.0
0.0,77.0
0.0,77.0
0.0,75.92
0.0,75.02
0.0,75.02
0.0,75.02
0.0,73.94
0.0,73.94
0.0,75.02
0.0,73.94
0.0,73.94
0.0,75.92
0.0,80.96
0.0,80.96
0.0,87.08000000000001
0.0,89.06
0.1,89.06
0.0,86.0
0.1,87.08000000000001
0.0,87.08000000000001
0.0,84.91999999999999
0.0,82.04
0.0,82.04
0.0,78.98
0.0,78.08
0.0,78.08
0.0,75.92
0.0,75.92
0.0,75.92
0.0,73.94
0.0,73.94
0.0,73.04
0.0,73.04
0.0,73.04
0.0,73.04
0.0,75.02
0.0,78.08
0.0,78.08
0.0,78.08
0.5,84.02
0.6,84.02
0.0,80.06
0.0,80.06
0.0,80.6
0.0,78.98
0.0,78.08
0.0,78.08
0.0,77.0
0.0,75.92
0.0,75.2
0.0,75.92
0.0,75.2
0.0,73.4
0.0,73.04
0.2,73.04
0.0,71.6
0.0,71.96
0.0,71.96
0.0,71.96
0.0,73.4
0.0,73.04
0.1,73.4
0.3,75.2
0.3,78.98
0.2,78.98
0.0,80.96
0.0,80.96
0.2,80.6
0.1,80.96
0.7,80.96
0.0,78.8
0.0,77.0
0.0,75.02
0.0,75.02
0.0,75.02
0.0,75.02
0.0,75.02
0.0,75.02
0.0,73.94
0.0,73.4
0.2,73.94
0.2,73.04
0.1,73.04
0.0,73.94
0.0,75.02
0.2,75.02
0.6,75.92
0.6,80.06
0.0,80.06
0.0,80.96
0.0,82.04
0.0,82.04
0.0,80.06
0.0,78.98
0.0,78.98
0.0,77.0
0.0,75.92
0.0,75.92
0.0,75.02
0.0,75.02
2.1,75.2
3.3,75.02
0.0,75.02
0.0,75.02
0.0,73.4
0.0,75.2
0.0,75.2
0.0,75.02
0.0,78.08
0.0,78.08
0.0,78.98
0.0,82.94
0.0,82.94
0.0,82.4
0.0,84.02
0.0,84.02
0.0,82.04
0.0,80.96
0.0,80.96
0.0,80.06
0.0,78.08
0.0,78.08
0.0,75.92
0.0,73.94
0.0,73.94
0.0,71.96
0.0,69.98
0.0,69.98
0.0,68.0
0.0,68.0
0.0,68.0
0.0,71.96
0.0,75.92
0.0,75.92
0.0,78.08
0.0,82.04
0.0,82.04
0.0,84.02
0.0,82.94
0.0,82.94
0.0,82.94
0.0,80.96
0.0,80.96
0.0,78.98
0.0,78.98
0.0,78.98
0.0,75.92
0.0,75.02
0.0,75.02
0.0,73.04
0.0,71.96
0.0,71.96
0.0,73.04
0.0,73.94
0.0,73.94
0.0,75.92
0.0,80.06
0.0,80.06
0.0,82.94
0.0,82.94
0.0,82.94
0.0,86.0
0.0,84.91999999999999
0.0,84.91999999999999
0.0,84.91999999999999
0.0,82.04
0.0,82.04
0.0,77.0
0.0,75.92
0.0,75.92
0.0,75.02
0.0,75.02
0.0,75.02
0.0,75.02
0.0,73.94
0.0,73.04
0.0,73.94
0.0,73.94
0.0,73.94
0.0,77.0
0.0,80.96
0.0,80.96
0.0,86.0
0.0,87.98
0.0,87.98
0.0,87.98
0.0,84.91999999999999
0.0,84.91999999999999
0.0,78.98
0.0,78.98
0.0,78.08
0.0,75.92
0.0,75.02
0.0,75.02
0.0,75.02
0.0,73.94
0.0,73.94
0.0,75.02
0.6,71.96
0.0,71.96
0.0,71.06
0.0,71.06
0.0,71.06
0.0,73.04
0.0,78.08
0.0,78.08
0.4,84.91999999999999
0.1,84.91999999999999
0.0,82.4
0.0,82.04
0.0,84.02
0.0,84.02
0.0,82.04
0.0,80.96
0.0,80.96
0.0,80.06
0.0,78.98
0.0,78.08
0.0,77.0
0.0,75.92
0.0,75.92
0.0,75.02
0.0,75.02
0.0,75.02
0.0,73.94
0.0,75.02
0.0,75.02
0.0,75.92
0.0,75.92
0.0,82.4
0.0,84.02
0.0,86.0
0.0,86.0
0.0,87.08000000000001
0.0,84.91999999999999
0.0,84.91999999999999
0.0,82.04
0.0,80.06
0.0,80.06
0.0,78.08
0.0,77.0
0.0,77.0
0.0,77.0
0.0,75.2
0.0,75.92
0.0,75.92
0.4,75.92
0.7,75.92
0.0,75.92
0.0,75.92
0.0,75.2
0.0,77.0
0.0,77.0
0.0,77.0
0.2,82.94
0.0,84.02
0.0,84.02
0.0,86.0
0.1,87.98
0.0,87.98
0.5,87.08000000000001
0.0,87.08000000000001
0.2,87.08000000000001
0.0,84.91999999999999
0.0,80.96
0.0,80.96
0.0,78.98
0.0,78.98
0.0,78.98
0.0,78.08
0.0,78.08
0.0,78.08
0.0,77.0
0.0,77.0
0.0,77.0
0.0,78.98
0.0,84.91999999999999
0.0,84.91999999999999
0.0,89.06
0.0,89.06
0.0,91.94
0.0,91.94
0.0,91.03999999999999
0.0,91.03999999999999
0.0,89.06
0.0,91.94
0.0,91.94
0.0,81.32
0.0,82.4
0.0,82.94
0.0,82.94
0.0,82.94
0.0,82.04
0.0,80.96
0.0,80.06
0.0,80.06
0.0,80.06
0.0,78.98
0.0,78.98
0.0,78.98
0.0,83.12
0.0,86.53999999999999
0.0,89.06
0.0,89.6
0.0,90.14
0.0,88.7
0.0,89.41999999999999
0.0,89.78
0.0,82.4
1.4,82.4
0.0,75.2
0.7,76.46
0.3,76.46
0.0,76.1
0.0,77.0
0.0,77.0
0.0,77.0
0.0,77.0
0.0,77.0
0.0,74.84
0.0,74.48
0.0,74.12
0.0,77.0
0.0,77.0
0.0,80.42
0.0,83.66
0.0,89.06
0.0,89.06
0.0,89.96000000000001
0.0,89.96000000000001
0.2,87.98
2.0,87.98
3.0,80.6
1.2,78.8
0.6,75.2
0.0,73.4
0.0,75.02
0.1,75.02
0.0,73.94
0.0,73.94
0.0,73.94
0.0,73.94
0.0,73.04
0.0,73.04
0.0,73.94
0.1,73.94
0.0,73.94
0.0,75.02
0.0,75.92
0.2,75.92
0.2,77.0
0.4,77.0
2.7,77.0
3.6,80.96
0.0,80.96
0.0,84.2
1.0,73.04
0.5,73.04
0.0,73.04
0.0,75.02
0.0,75.02
0.0,75.02
0.0,73.94
0.0,75.02
0.0,75.02
0.0,75.02
0.0,75.02
0.0,75.02
0.0,75.02
0.0,73.94
0.0,73.94
0.0,75.56
0.0,80.96
0.0,80.96
0.0,87.98
0.0,89.06
0.0,89.06
0.0,89.06
0.0,89.06
0.0,89.06
0.0,89.06
0.0,82.04
0.0,82.04
0.0,80.96
0.0,80.96
0.0,80.96
0.0,80.96
0.0,80.06
0.0,80.06
0.0,78.08
0.0,78.08
0.0,78.08
0.0,78.08
0.0,77.0
0.0,78.08
0.0,78.08
0.0,82.94
0.0,82.94
0.0,86.0
0.0,87.08000000000001
0.0,89.96000000000001
1.0,89.96000000000001
4.9,84.02
1.9,84.02
0.4,78.8
0.3,78.08
0.3,75.2
2.3,75.02
0.4,73.4
0.1,73.4
0.3,73.04
0.5,73.4
1.0,73.04
3.0,73.04
0.6,73.04
5.0,73.04
0.0,71.6
0.1,71.6
0.2,71.96
0.0,69.08
0.0,68.0
0.0,68.0
0.4,66.92
0.4,66.92
0.0,66.92
0.0,68.0
0.1,66.92
0.2,66.92
0.3,68.0
0.2,68.0
0.0,68.0
0.0,68.0
0.0,68.0
0.0,68.0
0.0,68.0
0.0,68.0
0.0,68.0
0.0,69.08
0.0,68.0
0.0,68.0
0.0,68.0
0.0,66.92
0.0,66.92
0.0,69.08
1.0,69.8
2.2,69.08
0.0,69.08
0.5,69.08
0.2,69.08
0.0,69.98
0.2,69.98
0.0,69.8
0.0,69.98
0.0,69.98
0.5,69.8
0.8,69.98
1.2,69.98
1.3,69.98
0.4,71.6
1.2,71.6
4.4,73.4
0.1,75.2
0.1,75.2
0.3,76.28
0.5,76.1
2.3,77.0
0.3,77.0
6.9,78.08
1.3,80.06
0.0,80.06
0.2,80.06
1.1,80.96
0.3,80.96
0.4,80.6
0.0,80.06
0.0,80.06
2.9,80.6
1.3,77.0
0.8,77.0
0.6,77.0
0.0,75.02
0.0,75.02
0.2,75.02
1.4,75.92
0.8,75.92
0.0,75.92
0.0,75.92
0.0,75.92
0.0,75.92
0.0,73.94
0.0,73.94
0.0,77.0
0.0,77.0
0.0,84.02
0.0,84.02
0.0,86.0
0.0,86.0
0.0,87.08000000000001
0.0,87.08000000000001
0.0,87.08000000000001
0.0,84.02
0.0,84.02
0.0,84.02
0.0,80.06
0.0,78.98
0.0,78.98
0.0,78.98
0.0,77.0
0.0,77.0
0.0,75.02
0.0,73.94
0.0,73.94
0.0,73.04
0.0,73.04
0.0,73.04
0.0,75.02
0.0,78.98
0.0,78.98
0.0,78.98
0.0,78.08
0.0,78.08
0.0,78.98
0.0,82.94
0.0,82.94
0.0,82.94
0.0,80.06
0.0,78.8
0.0,78.08
0.0,77.0
0.0,75.2
0.0,73.4
0.0,73.04
0.0,71.6
0.0,71.06
0.0,71.06
0.0,69.8
0.0,69.98
0.0,69.98
0.0,69.8
0.0,73.4
0.0,75.92
0.0,78.8
0.0,80.96
0.0,82.04
0.2,80.96
0.1,80.6
0.0,80.06
0.0,78.8
0.0,80.6
0.0,80.06
0.0,80.06
0.0,75.92
0.0,73.94
0.0,73.94
0.0,73.04
0.0,71.06
0.0,71.06
0.0,69.08
0.0,69.08
0.0,69.08
0.0,68.0
0.0,68.0
0.0,68.0
0.0,68.0
0.0,75.92
0.0,75.92
0.0,80.06
0.0,80.06
0.0,80.06
0.0,80.96
0.0,80.96
0.0,80.96
0.0,82.04
0.0,82.04
0.0,82.04
0.0,80.06
0.0,77.0
0.0,77.0
0.0,75.92
0.0,75.02
0.0,75.02
0.0,73.94
0.0,73.04
0.0,73.04
0.0,71.96
0.0,71.06
0.0,71.06
0.0,73.94
0.0,78.98
0.0,78.98
0.0,84.02
0.0,86.0
0.0,86.0
0.0,87.98
0.0,87.98
0.0,87.8
0.0,84.91999999999999
0.0,82.94
0.0,82.94
0.0,78.98
0.0,78.98
0.0,78.98
0.0,75.92
0.0,75.92
0.0,75.92
0.0,75.02
0.0,73.04
0.0,73.04
0.0,71.96
0.0,71.96
0.0,71.96
0.0,75.02
0.0,78.98
0.0,78.98
0.0,82.94
0.0,84.02
0.0,84.02
0.0,86.0
0.0,87.08000000000001
0.0,87.08000000000001
0.0,84.91999999999999
0.0,82.94
0.0,82.94
0.0,80.96
0.0,80.96
0.0,80.96
0.0,78.98
0.0,78.98
0.0,77.0
0.0,75.92
0.0,75.02
0.0,75.02
0.0,73.94
0.0,73.94
0.0,73.94
0.0,77.0
0.0,80.96
0.0,80.96
0.0,84.91999999999999
0.0,86.0
0.0,86.0
0.0,87.08000000000001
0.0,87.08000000000001
0.0,84.2
0.0,80.96
0.0,78.08
0.0,78.08
0.0,75.92
0.0,73.94
0.0,73.94
0.0,73.04
0.0,73.04
0.0,73.04
0.0,73.4
0.0,73.4
0.0,73.4
0.0,73.94
0.0,73.94
0.0,73.94
0.1,75.2
0.0,77.0
0.0,78.8
0.0,78.98
0.0,78.98
0.0,78.98
0.0,78.08
0.0,78.08
0.0,78.08
0.0,71.6
0.0,71.96
0.0,71.96
0.0,73.04
0.0,73.94
0.0,73.94
0.0,73.94
0.0,73.94
0.0,73.94
0.1,75.02
4.4,73.4
2.2,73.94
0.6,73.4
0.4,73.4
1.9,71.6
1.6,73.94
0.1,75.02
0.0,75.02
0.0,78.98
0.0,78.98
0.2,82.4
0.2,82.04
0.2,82.04
0.4,82.04
0.0,80.6
0.0,77.0
0.6,73.4
0.1,71.96
0.0,71.06
0.0,71.06
0.0,71.96
0.2,71.6
0.0,71.6
0.0,71.96
0.0,71.96
0.0,71.06
0.0,71.06
0.0,71.06
0.0,71.06
0.0,71.6
0.0,77.0
0.1,77.0
0.0,82.04
0.0,84.02
0.1,84.02
0.2,86.0
0.3,84.91999999999999
1.2,84.91999999999999
3.3,80.06
1.3,78.98
0.0,77.0
0.0,75.2
0.0,73.94
0.0,73.4
0.0,71.06
0.0,69.98
0.0,69.8
0.0,68.0
0.0,66.92
0.0,66.92
0.0,66.02
0.0,64.94
0.0,64.94
0.0,66.92
0.0,69.98
0.0,69.98
0.0,71.06
0.0,73.04
0.0,73.04
0.0,75.92
0.0,75.92
0.0,75.92
0.0,75.02
0.0,73.94
0.0,73.94
0.0,68.0
0.0,66.92
0.0,66.92
0.0,64.04
0.0,62.959999999999994
0.0,62.959999999999994
0.0,62.059999999999995
0.0,60.980000000000004
0.0,60.980000000000004
0.0,60.08
0.0,60.08
0.0,60.08
0.0,62.959999999999994
0.0,69.08
0.0,69.08
0.0,73.04
0.0,73.94
0.0,73.94
0.0,75.02
0.0,75.02
0.0,75.02
0.0,75.92
0.0,75.02
0.0,75.02
0.0,69.08
0.0,66.92
0.0,66.92
0.0,64.94
0.0,64.04
0.0,64.04
0.0,62.059999999999995
0.0,62.059999999999995
0.0,60.980000000000004
0.0,60.980000000000004
0.0,60.980000000000004
0.0,60.980000000000004
0.0,66.02
0.0,69.98
0.0,69.98
0.0,77.0
0.0,78.98
0.0,78.98
0.0,77.0
0.0,77.0
0.0,77.0
0.0,78.98
0.0,77.0
0.0,77.0
0.0,73.04
0.0,71.06
0.0,71.06
0.0,69.08
0.0,68.0
0.0,68.0
0.0,68.0
0.0,68.0
0.0,68.0
0.0,66.92
0.0,66.92
0.0,66.92
0.0,71.06
0.0,75.92
0.0,78.08
0.0,78.08
0.0,80.96
0.0,80.96
0.0,82.04
0.0,82.94
0.0,82.94
0.0,82.94
0.0,78.08
0.0,78.08
0.0,73.94
0.0,73.04
0.0,73.04
0.0,71.06
0.0,71.06
0.0,71.06
0.0,69.98
0.0,69.98
0.0,69.98
0.0,69.08
0.0,68.0
0.0,68.0
0.0,73.04
0.0,73.04
0.0,78.98
0.0,80.96
0.0,82.94
0.0,82.94
0.0,82.94
0.0,84.02
0.0,84.02
0.0,82.04
0.0,80.06
0.0,80.06
0.0,75.02
0.0,73.94
0.0,73.94
0.0,73.04
0.0,71.96
0.0,71.96
0.0,71.96
0.0,71.06
0.0,69.98
0.0,69.08
0.0,69.08
0.0,69.08
0.2,69.08
0.0,71.96
0.0,75.92
0.0,80.06
0.0,82.04
0.0,84.91999999999999
0.0,87.08000000000001
0.0,84.91999999999999
0.0,82.04
0.0,82.94
0.0,82.04
0.0,80.06
0.0,78.08
0.0,77.0
0.0,75.92
0.0,75.02
0.0,73.94
0.0,73.94
0.0,73.04
0.0,73.04
0.0,71.96
0.0,71.06
0.0,69.98
0.0,69.98
0.0,71.06
0.0,71.96
0.0,73.94
0.0,77.0
0.0,80.06
0.0,84.02
0.0,84.02
0.0,84.91999999999999
0.0,82.04
0.0,84.02
0.0,80.96
0.0,80.06
0.0,78.08
0.0,77.0
0.0,71.06
0.0,73.04
0.0,73.04
0.0,71.96
0.0,71.06
0.0,71.06
0.0,71.06
0.0,71.06
0.0,71.06
0.0,69.98
0.0,71.06
0.0,73.94
0.0,78.08
0.0,82.04
0.0,82.04
0.0,84.02
0.0,84.02
0.0,84.02
0.0,84.91999999999999
0.0,84.02
0.0,82.94
0.0,80.06
0.0,78.08
0.0,77.0
0.0,75.92
0.0,75.92
0.0,75.02
0.0,73.94
0.0,73.94
0.0,73.94
0.0,73.94
0.0,73.94
0.0,73.94
0.0,73.94
0.0,73.94
0.0,77.0
0.0,78.98
0.0,82.04
0.0,87.08000000000001
0.0,89.06
0.0,89.96000000000001
0.0,91.94
0.0,91.94
0.0,93.02
0.0,91.94
0.0,89.96000000000001
0.0,87.98
0.0,84.02
0.0,80.96
0.0,80.06
0.0,78.08
0.0,80.06
0.0,80.96
0.0,78.98
0.0,78.08
0.0,77.0
0.0,75.02
0.0,71.96
0.0,71.96
0.0,73.04
0.0,73.94
0.0,75.92
0.0,75.92
0.0,78.08
0.0,78.08
0.0,78.08
0.0,75.92
0.0,73.04
0.0,73.04
0.0,71.96
0.0,71.96
0.0,71.06
0.0,71.06
0.0,71.06
0.0,71.06
0.0,69.98
0.0,69.98
0.0,69.08
0.0,66.92
0.0,66.92
0.0,64.94
0.0,64.94
0.0,66.02
0.0,66.92
0.0,68.0
0.0,69.98
0.0,71.06
0.0,71.96
0.0,73.04
0.0,75.02
0.0,75.02
0.0,73.94
0.0,73.04
0.0,71.06
0.0,71.06
0.0,69.98
0.0,69.98
0.0,69.98
0.0,69.98
0.0,69.98
0.0,69.98
0.0,69.98
0.0,69.98
0.0,71.06
0.0,71.06
0.0,71.06
0.0,71.06
0.0,71.96
0.0,73.04
0.0,73.94
0.0,73.94
0.0,77.0
0.0,78.98
0.0,78.98
0.0,78.08
0.0,77.0
0.0,75.92
0.0,73.94
0.0,73.94
0.0,73.94
0.0,73.04
0.0,73.04
0.0,73.04
0.0,73.04
0.0,73.04
0.0,73.04
0.0,73.04
0.0,73.04
0.0,73.04
0.0,73.04
0.0,73.04
0.0,73.04
0.0,73.94
0.0,75.92
0.0,77.0
0.0,77.0
0.0,78.08
0.0,78.08
0.0,82.04
0.0,84.91999999999999
0.0,84.02
0.0,80.96
0.0,78.98
0.0,78.08
0.0,78.08
0.0,77.0
0.0,75.92
0.0,75.92
0.0,73.94
0.0,71.96
0.0,71.96
0.0,71.06
0.0,69.98
0.0,69.08
0.0,69.08
0.0,69.98
0.0,71.06
0.0,73.04
0.0,75.92
0.0,78.08
0.0,78.98
0.0,82.04
0.0,82.04
0.0,82.04
0.0,82.04
0.0,78.08
0.0,73.94
0.0,71.06
0.0,69.08
0.0,68.0
0.0,66.92
0.0,66.02
0.0,64.04
0.0,64.04
0.0,62.959999999999994
0.0,62.959999999999994
0.0,62.959999999999994
0.0,62.959999999999994
0.0,62.059999999999995
0.0,64.94
0.0,69.98
0.0,73.04
0.0,73.04
0.0,73.94
0.0,75.02
0.0,75.92
0.0,77.0
0.0,77.0
0.0,75.92
0.0,75.92
0.0,68.0
0.0,68.0
0.0,68.0
0.0,66.92
0.0,66.02
0.0,66.02
0.0,64.94
0.0,64.94
0.0,64.94
0.0,64.94
0.0,64.04
0.0,64.04
0.0,71.06
0.0,73.04
0.0,73.04
0.0,77.0
0.0,77.0
0.0,75.92
0.0,75.92
0.0,77.0
0.0,77.0
0.0,77.0
0.0,73.94
0.0,73.94
0.0,69.08
0.0,69.08
0.0,69.08
0.0,68.0
0.0,68.0
0.0,68.0
0.0,66.92
0.0,66.92
0.0,66.92
0.0,66.02
0.0,66.92
0.0,66.92
0.0,68.0
0.0,71.06
0.0,71.06
0.0,75.92
0.0,78.08
0.0,78.08
0.0,77.0
0.0,78.98
0.0,78.98
0.0,77.0
0.0,73.94
0.0,73.94
0.0,69.98
0.0,69.08
0.0,68.0
0.0,68.0
0.0,68.0
0.0,68.0
0.0,68.0
0.0,66.92
0.0,66.92
0.0,66.92
0.0,66.92
0.0,66.92
0.0,69.8
0.0,69.08
0.0,69.08
0.0,73.94
0.0,75.92
0.0,75.92
0.0,75.92
0.0,78.98
0.0,78.98
0.0,75.92
0.0,73.94
0.0,73.94
0.0,71.06
0.0,71.06
0.0,71.06
0.0,71.06
0.0,69.98
0.0,69.98
0.0,69.98
0.0,69.8
0.0,69.8
0.0,69.98
0.0,69.08
0.0,69.8
0.0,69.98
0.1,69.98
0.3,69.98
0.4,71.06
0.3,71.96
0.4,75.2
0.8,77.0
0.3,75.2
5.6,66.2
0.2,64.94
0.0,64.94
0.0,64.94
0.0,64.04
0.0,64.04
0.0,64.04
0.0,62.959999999999994
0.0,62.959999999999994
0.0,62.059999999999995
0.0,62.059999999999995
0.0,60.08
0.0,60.08
0.0,57.92
0.0,57.02
0.0,57.02
0.0,57.92
0.0,64.04
0.0,64.4
0.0,68.0
0.0,69.98
0.0,69.98
0.0,71.06
0.0,73.04
0.0,73.04
0.0,73.04
0.0,69.98
0.0,69.98
0.0,66.92
0.0,66.02
0.0,66.02
0.0,64.04
0.0,62.959999999999994
0.0,62.959999999999994
0.0,62.959999999999994
0.0,60.980000000000004
0.0,60.980000000000004
0.0,57.92
0.0,57.92
0.0,57.92
0.0,62.959999999999994
0.0,66.02
0.0,66.02
0.0,71.96
0.0,73.94
0.0,73.94
0.0,75.92
0.0,77.0
0.0,77.0
0.0,77.0
0.0,75.02
0.0,75.02
0.0,71.96
0.0,71.06
0.0,69.98
0.0,69.98
0.0,68.0
0.0,68.0
0.0,66.92
0.0,66.02
0.0,66.02
0.0,64.04
0.0,64.04
0.0,64.04
0.0,64.04
0.0,71.96
0.0,71.96
0.0,75.02
0.0,78.08
0.0,78.08
0.0,80.06
0.0,80.96
0.0,80.96
0.0,82.04
0.0,78.98
0.0,78.98
0.0,73.94
0.0,73.04
0.0,73.04
0.0,71.06
0.0,69.98
0.0,69.98
0.0,69.08
0.0,68.0
0.0,68.0
0.0,66.92
0.0,66.02
0.0,66.02
0.0,66.02
0.0,73.94
0.0,73.94
0.0,77.0
0.0,77.0
0.0,78.98
0.0,80.06
0.0,78.08
0.0,78.98
0.0,78.08
0.0,73.04
0.0,73.04
0.0,69.08
0.0,69.08
0.0,69.08
0.0,68.0
0.0,68.0
0.0,68.0
0.0,68.0
0.0,66.92
0.0,66.92
0.0,66.92
0.0,66.02
0.0,66.02
0.0,68.0
0.0,71.06
0.0,71.06
0.0,75.02
0.0,77.0
0.0,77.0
0.0,80.06
0.0,80.06
0.0,80.06
0.0,75.02
0.0,71.96
0.0,71.96
0.0,69.08
0.0,69.08
0.0,69.08
0.0,68.0
0.0,68.0
0.0,68.0
0.0,68.0
0.0,68.0
0.0,68.0
0.0,66.92
0.0,66.92
0.0,66.92
0.0,69.98
0.0,73.04
0.0,75.2
0.0,77.0
0.0,80.06
0.0,80.6
0.0,80.06
0.0,78.98
0.0,78.98
0.0,78.98
0.0,73.94
0.0,73.94
0.0,71.06
0.0,71.06
0.0,71.06
0.0,69.98
0.0,69.08
0.0,69.08
0.0,69.08
0.0,68.0
0.0,68.0
0.0,68.0
0.0,68.0
0.0,68.0
0.0,71.96
0.0,75.02
0.0,75.02
0.0,78.98
0.0,78.98
0.0,80.96
0.0,84.02
0.0,84.91999999999999
0.0,84.91999999999999
0.0,80.96
0.0,75.92
0.0,75.92
0.0,73.04
0.0,71.96
0.0,71.96
0.0,71.96
0.0,71.96
0.0,71.96
0.0,71.96
0.0,71.06
0.0,71.06
0.0,69.08
0.0,69.08
0.0,69.08
0.0,71.06
0.0,75.02
0.0,75.92
0.0,78.08
0.0,80.06
0.0,80.06
0.0,80.06
0.0,80.06
0.0,80.06
0.0,75.02
0.0,71.96
0.0,71.96
0.0,69.08
0.0,68.0
0.0,68.0
0.0,66.92
0.0,66.02
0.0,66.02
0.0,66.02
0.0,66.02
0.0,66.02
0.0,64.94
0.0,64.04
0.0,64.04
0.0,66.92
0.0,69.98
0.0,71.96
0.0,71.96
0.0,75.02
0.0,75.02
0.0,78.08
0.0,75.92
0.0,75.92
0.0,73.04
0.0,71.06
0.0,71.06
0.0,69.98
0.0,69.08
0.0,69.08
0.0,68.0
0.0,66.92
0.0,66.92
0.0,66.92
0.0,66.92
0.0,68.0
0.0,68.0
0.0,68.0
0.0,68.0
0.0,69.08
0.0,71.06
0.0,71.06
0.0,75.02
0.0,77.0
0.0,77.0
0.0,80.06
0.0,77.0
0.0,77.0
0.0,78.08
0.0,75.02
0.0,75.02
0.0,71.96
0.0,71.96
0.0,71.96
0.0,71.06
0.0,71.06
0.0,71.06
0.0,69.98
0.0,69.98
0.0,69.98
0.0,69.98
0.0,69.08
0.0,69.08
0.0,69.98
0.0,69.98
0.0,69.98
0.0,71.06
0.0,71.06
0.0,71.96
0.0,75.02
0.0,75.02
0.0,73.4
0.0,73.94
0.2,73.94
0.0,71.6
0.0,71.96
0.0,71.96
0.0,71.96
0.0,71.96
0.0,71.06
0.0,71.06
0.0,71.06
0.0,69.98
0.0,69.08
0.0,69.08
0.0,69.98
0.0,69.98
0.0,71.06
0.0,73.04
0.0,73.04
0.0,80.06
0.0,80.96
0.0,80.96
0.0,84.91999999999999
0.0,86.0
0.0,86.0
0.0,84.02
0.0,82.04
0.0,82.04
0.0,78.08
0.0,77.0
0.0,77.0
0.0,73.94
0.0,73.04
0.0,73.04
0.0,71.96
0.0,71.06
0.0,71.06
0.0,71.06
0.0,69.8
0.0,69.98
0.0,71.06
0.0,73.94
0.0,73.94
0.0,78.08
0.0,80.06
0.0,80.06
0.1,80.06
0.0,82.4
0.0,82.04
0.0,77.0
0.0,73.94
0.0,73.94
0.0,71.96
0.0,71.06
0.0,69.98
0.0,69.98
0.0,68.0
0.0,68.0
0.0,68.0
0.0,66.02
0.0,66.02
0.0,66.02
0.0,66.02
0.0,66.02
0.0,69.08
0.0,73.04
0.0,73.04
0.0,75.02
0.0,78.08
0.0,78.08
0.0,78.98
0.0,78.98
0.0,78.98
0.0,75.92
0.0,73.04
0.0,73.04
0.0,69.98
0.0,68.0
0.0,68.0
0.0,66.92
0.0,64.94
0.0,64.94
0.0,64.94
0.0,64.94
0.0,64.94
0.0,64.04
0.0,64.04
0.0,64.04
0.0,66.02
0.0,68.0
0.0,68.0
0.0,73.04
0.0,73.94
0.0,73.94
0.0,75.02
0.0,77.0
0.0,77.0
0.0,73.04
0.0,69.98
0.0,69.98
0.0,69.98
0.0,68.0
0.0,68.0
0.0,66.02
0.0,64.04
0.0,64.04
0.0,64.04
0.0,64.04
0.0,64.4
0.0,64.4
0.0,62.959999999999994
0.0,62.6
0.0,64.04
0.0,66.02
0.0,66.02
0.0,66.92
0.0,68.0
0.0,68.0
0.0,69.08
0.0,66.02
0.0,66.02
0.0,66.02
0.0,64.94
0.0,64.94
0.0,64.94
0.0,64.94
0.0,64.94
0.0,64.04
0.0,64.04
0.0,64.04
0.0,64.04
0.0,62.959999999999994
0.0,62.6
0.0,62.959999999999994
0.0,62.959999999999994
0.0,62.959999999999994
0.0,64.04
0.0,64.94
0.0,64.94
0.0,68.0
0.0,68.0
0.0,68.0
0.0,68.0
0.0,68.0
0.0,68.0
0.0,68.0
0.0,66.02
0.0,66.02
0.0,64.94
0.0,64.04
0.0,64.04
0.0,64.04
0.0,64.04
0.0,64.4
0.0,62.959999999999994
0.0,64.04
0.0,64.04
0.0,64.4
0.0,64.04
0.0,64.4
0.0,64.4
0.0,66.02
0.0,66.2
0.0,68.0
0.0,68.0
0.0,68.0
0.0,68.0
0.0,66.92
0.0,66.92
0.2,66.92
0.0,66.92
0.0,66.02
0.0,64.4
0.0,64.94
0.0,64.94
0.0,66.02
0.0,66.92
0.0,66.92
0.0,66.2
0.0,66.02
0.2,66.02
0.4,66.92
0.4,68.0
0.5,68.0
0.5,68.0
0.1,69.08
0.0,69.98
0.0,69.98
0.0,69.98
0.2,69.98
0.2,73.04
0.1,73.94
0.2,73.94
0.0,75.02
0.0,73.4
0.0,73.4
0.0,73.94
0.0,73.4
0.0,73.94
0.0,71.96
0.0,71.6
0.0,71.6
0.1,71.96
0.5,71.96
0.2,66.2
0.0,66.02
0.0,66.92
0.0,66.92
0.0,66.92
0.0,68.0
0.0,69.08
0.0,71.96
0.0,71.96
0.0,71.96
0.0,71.06
0.0,69.98
0.0,69.98
0.0,69.98
0.0,69.98
0.0,69.98
0.0,69.08
0.9,69.08
0.0,69.8
0.0,68.0
0.0,68.0
0.0,68.0
0.0,68.0
0.0,68.0
0.0,68.0
0.0,66.02
0.0,66.02
0.0,66.02
0.1,66.02
0.0,64.94
0.0,66.02
0.5,66.02
0.9,66.2
1.8,66.2
3.1,66.02
3.3,64.04
1.0,64.04
0.2,64.4
0.1,62.959999999999994
0.6,62.959999999999994
1.6,62.959999999999994
1.6,62.959999999999994
0.4,62.959999999999994
0.4,62.059999999999995
1.2,62.059999999999995
0.0,62.059999999999995
0.0,62.059999999999995
0.0,62.6
0.1,62.6
0.1,62.6
0.0,62.959999999999994
0.0,62.959999999999994
0.0,62.059999999999995
0.0,62.959999999999994
0.0,62.6
0.0,62.959999999999994
0.0,62.6
0.0,62.6
0.0,67.82
0.0,66.02
0.0,65.66
0.0,64.94
0.0,62.6
0.0,62.6
0.0,62.959999999999994
0.0,64.04
0.0,64.04
0.0,64.04
0.0,64.04
0.0,64.04
0.0,64.04
0.0,64.4
0.0,64.4
0.0,64.04
0.0,62.959999999999994
0.0,62.959999999999994
0.0,64.04
0.0,66.02
0.0,66.02
0.0,69.98
0.0,71.06
0.0,71.06
0.0,73.04
0.0,71.06
0.0,71.06
0.0,73.04
0.0,66.92
0.0,66.92
0.0,66.02
0.0,64.94
0.0,64.94
0.0,64.94
0.0,64.04
0.0,64.04
0.0,64.04
0.0,62.959999999999994
0.0,62.959999999999994
0.0,62.959999999999994
0.0,62.959999999999994
0.0,62.959999999999994
0.0,64.4
0.0,66.02
0.0,66.2
0.0,68.0
0.0,68.0
0.0,66.2
0.0,69.08
0.0,68.0
0.0,68.0
0.0,69.8
0.0,66.92
0.0,66.92
0.0,64.94
0.0,64.04
0.0,64.04
0.0,62.959999999999994
0.0,62.059999999999995
0.0,62.6
0.0,62.059999999999995
0.0,60.980000000000004
0.0,60.8
0.0,60.980000000000004
0.0,60.980000000000004
0.0,60.980000000000004
0.0,64.04
0.0,64.94
0.0,64.94
0.0,66.92
0.0,68.0
0.0,68.0
0.0,69.08
0.0,66.92
0.0,66.92
0.0,66.02
0.0,64.94
0.0,64.94
0.0,64.94
0.0,64.04
0.0,64.04
0.0,64.04
0.0,64.04
0.0,64.04
0.0,64.04
0.0,64.04
0.0,64.04
0.0,64.04
0.0,64.94
0.0,64.94
0.0,66.02
0.0,66.02
0.0,66.02
0.0,68.0
0.0,69.98
0.0,69.98
0.0,73.04
0.0,73.94
0.0,73.94
0.0,69.98
0.0,66.92
0.0,66.02
0.0,66.02
0.0,64.94
0.0,64.94
0.0,64.04
0.0,64.04
0.0,64.04
0.0,62.959999999999994
0.0,62.959999999999994
0.0,62.059999999999995
0.0,62.059999999999995
0.0,62.059999999999995
0.0,62.059999999999995
0.0,64.94
0.0,64.94
0.0,69.8
0.0,71.06
0.0,73.94
0.0,73.94
0.0,73.04
0.0,71.96
0.0,71.96
0.0,69.08
0.0,68.0
0.0,68.0
0.0,68.0
0.0,66.92
0.0,66.92
0.0,66.92
0.2,66.02
1.2,66.02
0.6,66.02
0.3,64.94
0.5,64.94
0.0,64.94
0.0,64.04
0.0,64.04
0.0,68.0
0.0,69.98
0.0,69.98
0.0,71.06
0.0,75.02
0.0,75.02
0.0,77.0
0.0,78.08
0.0,78.08
0.0,73.94
0.0,73.94
0.0,71.96
0.0,69.08
0.0,68.0
0.0,68.0
0.0,66.92
0.0,66.02
0.0,66.02
0.0,62.959999999999994
0.0,62.059999999999995
0.0,62.059999999999995
0.0,62.059999999999995
0.0,60.980000000000004
0.0,60.980000000000004
0.0,64.04
0.0,66.92
0.0,69.08
0.0,69.08
0.0,71.06
0.0,71.06
0.0,75.02
0.0,75.02
0.0,73.4
0.0,68.0
0.0,66.02
0.0,66.02
0.0,66.02
0.0,66.02
0.0,66.02
0.0,66.02
0.0,64.94
0.0,64.94
0.0,64.94
0.0,64.94
0.0,64.94
0.0,66.02
0.0,66.02
3.1,66.02
1.4,66.02
0.0,66.02
0.0,66.02
0.1,68.0
0.0,75.92
0.0,75.92
0.0,75.92
0.0,75.02
0.0,75.02
0.0,71.06
0.0,69.08
0.0,69.08
0.0,66.92
0.0,64.04
0.0,64.04
0.0,62.059999999999995
0.0,60.980000000000004
0.0,60.980000000000004
0.0,59.0
0.0,59.0
0.0,59.0
0.0,57.02
0.0,57.02
0.0,55.94
0.0,59.0
0.0,62.059999999999995
0.0,62.059999999999995
0.0,66.02
0.0,68.0
0.0,68.0
0.0,69.98
0.0,71.06
0.0,71.06
0.0,68.0
0.0,66.92
0.0,66.92
0.0,64.94
0.0,62.959999999999994
0.0,62.959999999999994
0.0,62.059999999999995
0.0,60.980000000000004
0.0,60.980000000000004
0.0,60.08
0.0,60.08
0.0,60.08
0.0,59.0
0.0,57.92
0.0,57.92
0.0,60.980000000000004
0.0,62.959999999999994
0.0,62.959999999999994
0.0,66.02
0.0,69.08
0.0,69.08
0.0,71.06
0.0,69.08
0.0,69.08
0.0,68.0
0.0,64.94
0.0,64.94
0.0,64.04
0.0,62.959999999999994
0.0,62.959999999999994
0.0,59.0
0.0,57.02
0.0,57.02
0.0,55.04
0.0,53.06
0.0,53.06
0.0,53.06
0.0,51.08
0.0,51.08
0.0,53.96
0.0,57.02
0.0,57.02
0.0,60.08
0.0,62.959999999999994
0.0,62.959999999999994
0.0,64.04
0.0,66.02
0.0,66.02
0.0,62.059999999999995
0.0,62.059999999999995
0.0,60.08
0.0,55.94
0.0,55.04
0.0,55.04
0.0,53.06
0.0,51.98
0.0,51.98
0.0,51.08
0.0,51.98
0.0,51.98
0.0,50.0
0.0,48.92
0.0,48.92
0.0,53.06
0.0,57.02
0.0,57.02
0.0,62.959999999999994
0.0,68.0
0.0,68.0
0.0,71.06
0.0,71.96
0.0,71.96
0.0,68.0
0.0,66.02
0.0,66.02
0.0,64.94
0.0,64.04
0.0,62.959999999999994
0.0,62.959999999999994
0.0,62.059999999999995
0.0,62.059999999999995
0.0,60.08
0.0,60.08
0.0,60.08
0.0,60.08
0.0,60.08
0.0,60.08
0.0,62.959999999999994
0.0,68.0
0.0,68.0
0.0,71.96
0.0,75.02
0.0,75.02
0.0,75.92
0.0,78.08
0.0,78.08
0.0,73.94
0.0,69.98
0.0,69.98
0.0,66.92
0.0,64.94
0.0,64.94
0.0,64.04
0.0,62.959999999999994
0.0,62.959999999999994
0.0,62.059999999999995
0.0,62.059999999999995
0.0,62.059999999999995
0.0,60.980000000000004
0.0,60.980000000000004
0.0,60.980000000000004
0.0,60.08
0.0,60.08
0.0,64.4
0.0,69.08
0.0,71.06
0.0,71.06
0.0,71.96
0.0,73.04
0.0,73.04
0.0,69.98
0.0,68.0
0.0,68.0
0.0,68.0
0.0,68.0
0.0,68.0
0.0,68.0
0.0,62.059999999999995
0.0,62.059999999999995
0.0,59.0
0.0,59.0
0.0,57.2
0.0,57.02
0.0,57.02
0.0,57.2
0.0,57.92
0.0,60.8
0.0,62.6
0.0,64.04
0.0,68.0
0.0,68.0
0.0,69.08
0.0,64.04
0.0,64.04
0.0,57.92
0.0,53.96
0.0,53.96
0.0,51.98
0.0,51.08
0.0,51.08
0.0,50.0
0.0,48.92
0.0,48.92
0.0,48.02
0.0,48.02
0.0,48.02
0.0,48.02
0.0,48.02
0.0,48.02
0.0,48.02
0.0,51.98
0.0,51.98
0.0,55.94
0.0,57.92
0.0,57.92
0.0,59.0
0.0,60.08
0.0,62.959999999999994
0.0,59.0
0.0,57.02
0.0,57.02
0.0,53.96
0.0,53.06
0.0,53.06
0.0,51.08
0.0,50.0
0.0,50.0
0.0,48.02
0.0,48.02
0.0,48.02
0.0,46.94
0.0,46.94
0.0,46.94
0.0,46.94
0.0,50.0
0.0,53.06
0.0,57.02
0.0,59.0
0.0,59.0
0.0,62.059999999999995
0.0,62.959999999999994
0.0,62.959999999999994
0.0,60.08
0.0,60.08
0.0,55.4
0.0,55.04
0.0,53.96
0.0,53.96
0.0,51.98
0.0,51.08
0.0,51.08
0.0,48.92
0.0,48.92
0.0,48.92
0.0,48.92
0.0,48.02
0.0,48.02
0.0,48.92
0.0,51.98
0.0,53.96
0.0,57.02
0.0,59.0
0.0,59.0
0.0,62.959999999999994
0.0,64.04
0.0,64.04
0.0,60.980000000000004
0.0,59.0
0.0,59.0
0.0,57.02
0.0,57.02
0.0,57.02
0.0,53.96
0.0,53.06
0.0,53.06
0.0,51.08
0.0,51.08
0.0,51.08
0.0,51.08
0.0,50.0
0.0,50.0
0.0,51.98
0.0,59.0
0.0,59.0
0.0,62.959999999999994
0.0,66.02
0.0,66.02
0.0,69.08
0.0,71.06
0.0,71.06
0.0,69.98
0.0,64.94
0.0,64.94
0.0,64.04
0.0,62.059999999999995
0.0,62.059999999999995
0.0,62.059999999999995
0.0,60.08
0.0,60.08
0.0,59.0
0.0,57.02
0.0,57.02
0.0,57.92
0.0,57.02
0.0,57.02
0.0,57.02
0.0,62.059999999999995
0.0,62.059999999999995
0.0,64.04
0.0,66.2
0.0,68.18
0.0,69.25999999999999
0.0,69.44
0.0,68.72
0.0,67.46
0.0,61.7
0.0,57.56
0.0,55.58
0.0,54.68
0.0,53.42
0.0,51.26
0.0,50.0
0.0,48.92
0.0,48.56
0.0,47.84
0.0,46.58
0.0,45.68
0.0,44.6
0.0,43.34
0.0,46.04
0.0,51.98
0.0,59.0
0.0,65.84
0.0,70.34
0.0,72.32
0.0,73.94
0.0,75.2
0.0,75.2
0.0,73.04
0.0,65.48
0.0,60.8
0.0,60.08
0.0,58.82
0.0,56.48
0.0,53.78
0.0,52.34
0.0,50.9
0.0,50.18
0.0,49.28
0.0,48.74
0.0,48.379999999999995
0.0,47.66
0.0,47.120000000000005
0.0,50.36
0.0,58.64
0.0,66.02
0.0,71.06
0.0,75.56
0.0,78.44
0.0,80.06
0.0,80.96
0.0,80.78
0.0,79.16
0.0,72.86
0.0,70.16
0.0,68.36
0.0,66.74000000000001
0.0,64.75999999999999
0.0,62.78
0.0,60.62
0.0,59.0
0.0,57.92
0.0,57.02
0.0,56.3
0.0,56.120000000000005
0.0,55.4
0.0,55.04
0.0,57.379999999999995
0.0,63.5
0.0,69.08
0.0,73.04
0.0,77.0
0.0,77.0
0.0,80.06
0.0,80.96
0.0,80.96
0.0,75.02
0.0,69.98
0.0,69.98
0.0,66.92
0.0,66.92
0.0,66.92
0.0,66.02
0.0,66.02
0.0,64.94
0.0,64.94
0.0,62.959999999999994
0.0,62.959999999999994
0.0,60.980000000000004
0.0,60.08
0.0,60.08
0.0,62.059999999999995
0.0,64.94
0.0,66.2
0.0,69.98
0.0,71.96
0.0,71.96
0.0,75.02
0.0,75.92
0.0,75.92
0.0,73.04
0.0,69.98
0.0,69.98
0.0,69.08
0.0,66.02
0.0,66.02
0.0,64.94
0.0,64.94
0.0,62.959999999999994
0.0,62.959999999999994
0.0,62.959999999999994
0.0,62.959999999999994
0.0,64.94
0.0,64.94
0.0,64.04
0.0,62.959999999999994
0.0,62.059999999999995
0.0,62.959999999999994
0.0,64.04
0.0,69.08
0.0,69.08
0.0,71.96
0.0,73.04
0.0,73.04
0.0,69.08
0.0,69.08
0.0,62.959999999999994
0.0,62.959999999999994
0.0,60.08
0.0,60.08
0.0,57.02
0.0,55.94
0.0,55.94
0.0,53.96
0.0,53.06
0.0,53.06
0.0,51.98
0.0,51.08
0.0,51.08
0.0,53.06
0.0,53.96
0.0,53.96
0.0,57.92
0.0,60.08
0.0,60.08
0.0,64.94
0.0,66.92
0.0,66.92
0.0,60.08
0.0,57.92
0.0,57.92
0.0,59.0
0.0,60.08
0.0,60.08
0.0,59.0
0.0,57.92
0.0,57.92
0.0,57.02
0.0,57.02
0.0,55.94
0.0,55.94
0.0,57.02
0.0,57.02
0.0,55.04
0.0,62.059999999999995
0.0,62.059999999999995
0.0,64.94
0.0,68.0
0.0,68.0
0.0,68.0
0.0,66.92
0.0,66.92
0.0,62.6
0.0,60.08
0.0,60.08
0.0,59.0
0.0,57.02
0.0,57.02
0.0,53.96
0.0,53.06
0.0,51.98
0.0,51.98
0.0,51.08
0.0,51.08
0.0,48.92
0.0,48.02
0.0,48.02
0.0,51.08
0.0,53.06
0.0,53.06
0.0,55.94
0.0,57.92
0.0,57.92
0.0,62.059999999999995
0.0,62.059999999999995
0.0,62.059999999999995
0.0,57.92
0.0,55.94
0.0,55.94
0.0,53.96
0.0,53.06
0.0,53.06
0.0,51.08
0.0,50.0
0.0,50.0
0.0,50.0
0.0,51.08
0.0,51.08
0.0,51.08
0.0,53.06
0.0,53.06
0.0,55.94
0.0,55.94
0.0,55.94
0.0,60.08
0.0,62.959999999999994
0.0,62.959999999999994
0.0,62.959999999999994
0.0,62.059999999999995
0.0,62.059999999999995
0.0,60.980000000000004
0.0,57.02
0.0,57.02
0.0,57.02
0.0,55.94
0.0,55.94
0.0,55.94
0.0,55.94
0.0,55.94
0.0,57.02
0.0,55.94
0.0,55.94
0.0,55.94
0.0,55.04
0.0,55.04
0.0,55.04
0.0,59.0
0.0,59.0
0.0,62.059999999999995
0.0,62.059999999999995
0.1,62.059999999999995
0.0,64.04
0.1,64.04
0.0,64.04
0.0,62.059999999999995
0.0,60.980000000000004
0.0,60.980000000000004
0.0,62.059999999999995
0.0,62.059999999999995
0.0,62.059999999999995
0.0,62.059999999999995
0.4,62.059999999999995
0.1,62.059999999999995
0.0,60.08
0.0,60.08
0.0,60.08
0.0,59.0
0.0,57.92
0.0,57.92
0.0,57.92
0.0,60.08
0.0,60.08
0.0,62.42
0.0,71.06
0.0,71.06
0.0,77.0
0.0,75.92
0.0,75.92
0.0,71.06
0.0,69.98
0.0,69.98
0.0,68.0
0.0,69.08
0.0,69.08
0.0,66.92
0.0,66.02
0.0,66.02
0.0,64.94
0.0,62.959999999999994
0.0,62.959999999999994
0.0,62.059999999999995
0.0,60.980000000000004
0.0,60.980000000000004
0.0,62.059999999999995
0.0,64.04
0.0,64.04
0.0,71.06
0.0,75.92
0.0,75.92
0.0,78.98
0.0,80.96
0.0,80.96
0.0,75.92
0.0,73.94
0.0,73.94
0.0,71.96
0.0,71.06
0.0,71.06
0.0,69.98
0.0,69.98
0.0,69.98
0.0,69.08
0.0,68.0
0.0,68.0
0.0,68.0
0.0,66.92
0.0,66.92
0.0,66.92
0.8,66.92
0.2,66.92
0.0,69.08
0.0,73.94
0.0,73.94
0.0,77.0
0.0,80.06
0.0,80.06
0.0,75.92
0.0,71.96
0.0,71.96
0.0,66.92
0.0,64.04
0.0,64.04
0.0,60.08
0.0,59.0
0.0,59.0
0.0,57.02
0.0,55.94
0.0,55.94
0.0,55.04
0.0,53.96
0.0,53.96
0.0,55.94
0.0,57.02
0.0,57.02
0.0,60.08
0.0,60.980000000000004
0.0,62.959999999999994
0.0,64.04
0.0,64.04
0.0,64.04
0.0,60.980000000000004
0.0,57.02
0.0,55.94
0.0,55.94
0.0,53.06
0.0,53.06
0.0,51.98
0.0,51.98
0.0,51.08
0.0,48.02
0.0,46.94
0.0,46.94
0.0,46.04
0.0,46.04
0.0,46.04
0.0,46.04
0.0,48.92
0.0,48.92
0.0,51.98
0.0,53.96
0.0,53.96
0.0,57.92
0.0,60.980000000000004
0.0,60.980000000000004
0.0,55.94
0.0,55.94
0.0,55.04
0.0,53.96
0.0,53.06
0.0,53.06
0.0,51.98
0.0,51.98
0.0,51.08
0.0,51.08
0.0,50.0
0.0,50.0
0.0,50.0
0.0,50.0
0.0,51.08
0.0,51.08
0.0,51.08
0.0,53.96
0.0,57.02
0.0,57.02
0.0,57.02
0.0,57.2
0.0,57.02
0.0,57.02
0.0,57.02
0.0,57.02
0.0,57.02
0.0,57.02
0.0,57.02
0.0,57.02
0.0,57.92
0.0,57.92
0.0,57.2
0.0,57.92
0.0,57.92
0.0,57.92
0.0,55.94
0.0,55.04
0.0,55.04
0.0,55.94
0.0,55.94
0.0,57.02
0.0,62.059999999999995
0.0,66.02
0.0,66.02
0.0,69.08
0.0,73.22
0.0,73.4
0.0,71.06
0.0,69.98
0.0,69.98
0.0,66.92
0.0,66.92
0.0,66.92
0.0,66.02
0.0,64.94
0.0,64.94
0.0,64.94
0.0,64.94
0.0,64.94
0.0,64.94
0.0,64.94
0.0,64.94
0.0,64.94
0.0,66.92
0.0,66.92
0.0,71.06
0.0,71.96
0.0,71.96
0.0,78.08
0.0,78.08
0.0,78.08
0.0,78.08
0.0,75.92
0.0,75.92
0.0,73.94
0.0,73.04
0.0,73.04
0.0,71.96
0.0,69.98
0.0,69.98
0.0,69.98
0.0,66.02
0.0,66.02
0.0,64.04
0.0,66.02
0.0,66.02
0.0,66.02
0.0,66.2
0.0,68.0
0.0,71.96
0.0,73.94
0.0,73.94
0.0,75.92
0.0,75.92
0.0,75.92
0.0,73.94
0.0,66.02
0.0,66.02
0.0,62.059999999999995
0.0,60.08
0.0,60.08
0.0,57.92
0.0,57.02
0.0,57.02
0.0,55.94
0.0,46.94
0.0,53.6
0.0,53.06
0.0,51.98
0.0,51.98
0.0,51.98
0.0,55.94
0.0,55.94
0.0,60.980000000000004
0.0,64.04
0.0,64.04
0.0,68.0
0.0,71.06
0.0,71.06
0.0,69.98
0.0,64.94
0.0,64.94
0.0,62.959999999999994
0.0,59.0
0.0,59.0
0.0,57.92
0.0,55.94
0.0,55.94
0.0,51.98
0.0,50.0
0.0,50.0
0.0,46.94
0.0,46.04
0.0,46.04
0.0,46.04
0.0,48.02
0.0,48.02
0.0,51.98
0.0,53.96
0.0,53.96
0.0,57.02
0.0,60.08
0.0,60.08
0.0,59.0
0.0,53.96
0.0,53.96
0.0,53.06
0.0,53.06
0.0,51.98
0.0,51.08
0.0,51.08
0.0,51.08
0.0,51.08
0.0,48.92
0.0,50.0
0.0,50.0
0.0,50.0
0.0,50.0
0.0,51.08
0.0,51.98
0.0,51.98
0.0,55.94
0.0,55.94
0.0,55.94
0.0,57.02
0.0,57.02
0.0,57.02
0.0,55.94
0.0,55.94
0.0,55.94
0.0,57.02
0.0,57.02
0.3,57.92
0.6,57.92
0.3,55.4
1.0,55.04
0.9,55.04
1.9,57.02
1.8,57.02
1.6,59.0
0.4,59.0
0.0,59.0
0.0,59.0
0.0,60.08
0.0,60.08
0.0,60.980000000000004
0.0,64.94
0.0,64.94
0.0,68.0
0.0,66.92
0.0,66.92
0.0,62.959999999999994
0.0,62.959999999999994
0.0,62.959999999999994
0.0,60.08
0.0,60.08
0.0,60.08
0.0,59.0
0.0,59.0
0.0,59.0
0.0,57.02
0.0,55.04
0.0,55.04
0.0,53.06
0.0,51.98
0.0,51.98
0.0,53.06
0.0,53.96
0.0,53.96
0.0,53.96
0.0,55.94
0.0,55.94
0.0,57.92
0.0,57.92
0.0,57.02
0.0,55.04
0.0,50.0
0.0,50.0
0.0,46.94
0.0,46.04
0.0,46.04
0.0,44.06
0.0,44.06
0.0,44.06
0.0,42.980000000000004
0.0,42.980000000000004
0.0,42.980000000000004
0.0,42.08
0.0,39.92
0.0,41.0
0.0,42.08
0.0,44.96
0.0,44.96
0.0,46.04
0.0,50.0
0.0,50.0
0.0,53.06
0.0,53.96
0.0,53.96
0.0,51.08
0.0,50.0
0.0,50.0
0.0,48.02
0.0,48.02
0.0,48.02
0.0,46.94
0.0,44.96
0.0,44.96
0.0,44.96
0.0,44.96
0.0,44.96
0.0,42.980000000000004
0.0,42.08
0.0,42.08
0.0,44.06
0.0,44.06
0.0,44.06
0.0,48.02
0.0,48.02
0.0,48.02
0.0,48.02
0.0,46.94
0.0,46.94
0.0,46.94
0.0,46.04
0.0,46.04
0.0,46.94
0.0,46.94
0.0,46.94
0.0,46.94
0.0,46.04
0.0,46.04
0.0,46.94
0.0,46.94
0.0,46.94
0.0,44.96
0.0,44.96
0.0,44.96
0.0,44.96
0.0,44.96
0.0,46.04
0.0,46.94
0.0,53.96
0.0,53.96
0.0,60.980000000000004
0.0,60.980000000000004
0.0,62.959999999999994
0.0,59.0
0.0,59.0
0.0,57.02
0.0,53.96
0.0,53.96
0.0,53.96
0.0,51.98
0.0,51.08
0.0,50.0
0.0,48.02
0.0,48.02
0.0,48.02
0.0,48.02
0.0,48.02
0.0,46.94
0.0,50.0
0.0,53.06
0.0,53.06
0.0,55.04
0.0,60.980000000000004
0.0,60.980000000000004
0.0,64.94
0.0,64.94
0.0,66.02
0.0,60.980000000000004
0.0,60.980000000000004
0.0,59.0
0.0,55.04
0.0,53.96
0.0,53.96
0.0,53.06
0.0,51.08
0.0,51.08
0.0,50.0
0.0,48.92
0.0,48.02
0.0,48.02
0.0,48.02
0.0,48.02
0.0,48.02
0.0,51.98
0.0,51.98
0.0,53.96
0.0,62.059999999999995
0.0,62.059999999999995
0.0,64.04
0.0,64.04
0.0,64.04
0.0,62.059999999999995
0.0,59.0
0.0,57.2
0.0,57.2
0.0,55.04
0.0,55.4
0.0,53.06
0.0,51.98
0.0,51.8
0.0,50.0
0.0,50.0
0.0,50.0
0.0,50.0
0.0,51.8
0.0,51.8
0.0,53.06
0.0,57.02
0.0,60.8
0.0,62.6
0.0,64.94
0.0,66.2
0.0,69.8
0.0,69.8
0.0,66.92
0.0,64.04
0.0,62.6
0.0,60.8
0.0,59.0
0.0,57.92
0.0,55.4
0.0,55.04
0.0,53.96
0.0,53.6
0.0,51.98
0.0,51.8
0.0,50.0
0.0,50.0
0.0,48.92
0.0,48.2
0.0,50.0
0.0,51.8
0.0,53.6
0.0,55.4
0.0,59.0
0.0,57.2
0.0,60.08
0.0,60.08
0.0,57.2
0.0,57.02
0.0,55.4
0.0,57.2
0.0,55.4
0.0,55.04
0.0,53.6
1.6,53.96
0.1,55.04
0.0,48.74
0.0,53.96
0.0,55.4
0.0,53.6
0.0,53.96
0.0,53.6
0.0,55.4
0.0,55.04
0.0,55.94
0.0,55.4
0.0,57.92
0.0,57.02
0.0,57.2
0.0,57.2
0.0,57.2
0.0,57.2
0.0,57.2
0.0,55.4
0.0,55.4
0.0,55.94
0.0,55.4
0.0,55.4
0.0,55.4
0.0,55.04
0.0,53.6
0.1,51.98
2.8,51.8
4.2,51.8
7.1,50.0
5.0,50.0
3.5,48.2
1.2,48.02
0.3,48.02
0.0,48.2
0.4,48.2
0.3,48.92
0.0,48.2
0.3,48.2
0.7,48.92
1.2,48.2
1.0,48.2
1.8,48.2
3.2,44.6
3.3,42.8
2.7,42.8
3.8,42.8
4.8,41.0
2.0,41.0
0.2,38.839999999999996
0.0,39.74
0.0,39.74
0.0,39.74
0.0,39.2
0.3,41.0
0.4,41.0
0.6,41.0
0.5,41.0
0.3,41.0
0.1,42.08
0.0,42.08
0.2,42.08
0.3,42.08
0.3,42.08
0.2,42.08
0.2,41.0
0.4,39.02
0.8,39.02
0.9,39.02
0.9,39.02
1.0,37.4
1.0,37.94
0.8,39.02
0.8,39.02
0.2,39.92
0.5,41.0
0.5,41.0
0.3,41.0
0.0,37.94
0.0,39.2
0.0,41.0
0.0,41.0
0.0,46.4
0.0,48.02
0.0,48.02
0.0,48.02
0.0,48.92
0.0,53.06
0.0,53.96
0.0,48.92
0.0,48.02
0.0,48.02
0.0,46.94
0.0,48.02
0.0,48.02
0.0,48.92
0.0,48.92
0.0,48.92
0.0,48.02
0.0,48.02
0.0,48.02
0.0,46.94
0.0,46.04
0.0,46.04
0.0,46.04
0.0,48.92
0.0,48.92
0.0,53.06
0.0,55.94
0.0,55.94
0.0,57.92
0.0,55.94
0.0,55.94
0.0,53.06
0.0,53.06
0.0,48.2
0.0,48.92
0.0,48.02
0.0,48.02
0.0,46.04
0.0,46.04
0.0,46.04
0.0,44.96
0.0,44.06
0.0,44.06
0.0,44.06
0.0,42.980000000000004
0.0,42.980000000000004
0.0,42.980000000000004
0.0,46.04
0.0,46.04
0.0,50.0
0.0,50.0
0.0,51.08
0.0,55.94
0.0,57.02
0.0,57.02
0.0,57.02
0.0,51.98
0.0,51.98
0.0,51.98
0.0,51.98
0.0,51.98
0.0,51.98
0.0,51.98
0.0,51.98
0.0,51.98
0.0,51.98
0.0,51.98
0.0,53.96
0.0,55.04
0.0,55.04
0.0,57.02
0.5,55.04
3.0,55.4
2.3,53.6
0.3,53.6
0.2,53.6
0.0,57.92
0.0,60.980000000000004
0.0,60.980000000000004
0.0,57.92
0.0,55.94
0.0,55.94
0.0,51.98
0.0,51.08
0.0,51.08
0.0,48.02
0.0,46.94
0.0,46.94
0.0,46.04
0.0,44.96
0.0,44.96
0.0,44.06
0.0,44.06
0.0,44.06
0.0,44.06
0.0,46.04
0.0,46.04
0.0,50.0
0.0,51.08
0.0,51.08
0.0,53.96
0.0,53.06
0.0,53.06
0.0,51.08
0.0,48.92
0.0,48.92
0.0,48.02
0.0,48.02
0.0,48.02
0.0,48.02
0.0,48.02
0.0,48.02
0.0,48.02
0.0,48.92
0.1,48.92
0.0,48.92
0.5,46.04
0.8,46.04
1.2,46.04
1.9,46.4
1.7,48.2
1.5,48.92
3.0,48.2
1.3,52.34
1.3,53.78
0.5,53.96
0.6,52.7
0.0,46.58
0.0,44.239999999999995
0.0,44.6
0.0,44.06
0.0,44.06
0.0,44.06
0.0,42.980000000000004
0.0,42.08
0.0,42.08
0.0,42.08
0.0,42.08
0.0,41.0
0.0,41.0
0.0,42.08
0.0,42.08
0.0,42.08
0.0,42.08
0.0,42.08
0.0,44.96
0.0,48.02
0.0,48.02
0.0,46.04
0.0,44.96
0.0,44.96
0.0,42.08
0.0,41.0
0.0,41.0
0.0,39.02
0.0,37.94
0.0,37.94
0.0,35.96
0.0,35.06
0.0,35.06
0.0,35.06
0.0,33.98
0.0,33.98
0.0,33.08
0.0,33.08
0.0,33.08
0.0,33.08
0.0,35.06
0.0,35.06
0.0,37.94
0.0,37.94
0.0,39.92
0.0,41.0
0.0,41.0
0.0,41.0
0.0,39.02
0.0,37.04
0.0,35.6
0.0,35.06
0.0,35.06
0.0,33.8
0.0,33.08
0.0,32.0
0.0,30.2
0.0,30.02
0.0,30.2
0.0,28.94
0.0,28.94
0.0,28.4
0.0,30.2
0.0,30.2
0.0,32.0
0.0,33.8
0.0,33.98
0.0,35.06
0.0,37.4
0.0,39.02
0.0,39.92
0.0,39.2
0.0,37.94
0.0,37.04
0.0,37.04
0.0,35.96
0.0,35.96
0.0,35.96
0.0,35.06
0.0,33.98
0.0,33.98
0.0,33.08
0.0,32.0
0.0,32.0
0.0,30.92
0.0,32.0
0.0,32.0
0.0,33.08
0.0,33.98
0.0,33.98
0.0,37.94
0.0,39.92
0.0,39.92
0.0,42.980000000000004
0.0,41.0
0.0,41.0
0.0,39.02
0.0,37.94
0.0,37.94
0.0,37.04
0.0,35.96
0.0,35.96
0.0,35.96
0.0,35.06
0.0,35.06
0.0,35.06
0.0,35.06
0.0,35.06
0.0,35.06
0.0,35.06
0.0,35.06
0.0,37.04
0.0,37.04
0.0,37.04
0.0,41.0
0.0,41.0
0.0,41.0
0.0,42.980000000000004
0.0,44.6
0.0,42.980000000000004
0.0,41.0
0.0,39.92
0.0,39.2
0.0,39.02
0.0,35.96
0.0,35.96
0.0,35.06
0.0,33.98
0.0,33.98
0.0,33.98
0.0,33.08
0.0,33.08
0.0,32.0
0.0,32.0
0.0,32.0
0.0,33.08
0.0,35.06
0.0,35.06
0.0,35.96
0.0,39.02
0.0,39.02
0.0,39.02
0.0,39.02
0.0,39.02
0.0,41.0
0.0,41.0
0.0,41.0
0.0,42.08
0.0,39.92
0.0,39.92
0.0,42.08
0.6,39.02
0.5,39.02
0.8,37.04
0.2,37.04
0.0,37.04
0.1,37.04
0.0,39.02
0.2,37.4
0.2,37.94
0.3,39.02
0.0,39.2
0.0,37.94
0.0,39.02
0.0,39.02
0.0,41.0
0.0,41.0
0.0,41.0
0.0,39.02
0.0,37.04
0.0,37.04
0.0,35.96
0.0,35.06
0.0,35.06
0.0,33.08
0.0,33.08
0.0,33.08
0.0,33.08
0.0,33.98
0.0,33.98
0.0,33.08
0.0,32.0
0.0,32.0
0.0,32.0
0.0,33.98
0.0,33.98
0.0,35.06
0.0,35.96
0.0,35.96
0.0,37.94
0.0,39.92
0.0,39.92
0.0,35.06
0.0,33.98
0.0,33.98
0.0,33.08
0.0,33.98
0.0,33.98
0.0,33.08
0.0,33.08
0.0,33.08
0.0,33.08
0.0,33.08
0.0,33.08
0.0,32.0
0.0,32.0
0.0,32.0
0.0,32.0
0.0,33.08
0.0,33.98
0.0,37.04
0.0,41.0
0.0,41.0
0.0,44.06
0.0,44.96
0.0,42.980000000000004
0.0,41.0
0.0,39.02
0.0,39.02
0.0,37.94
0.0,37.04
0.0,37.04
0.0,37.94
0.0,37.94
0.0,39.02
0.0,39.02
0.0,39.02
0.0,39.02
0.0,39.92
0.0,39.92
0.0,39.92
0.0,41.0
0.0,42.08
0.0,42.08
0.0,44.06
0.0,48.02
0.0,53.06
0.0,55.04
0.0,55.94
0.0,57.02
0.0,53.96
0.0,51.98
0.0,51.98
0.0,51.98
0.0,51.98
0.0,51.08
0.0,46.94
0.0,46.94
0.0,46.04
0.0,44.96
0.0,44.96
0.0,44.96
0.0,44.96
0.0,44.06
0.0,46.04
0.0,46.04
0.0,46.94
0.0,50.0
0.0,50.0
0.0,51.08
0.0,51.08
0.2,51.08
0.9,51.08
1.8,51.08
2.0,51.08
2.0,48.2
0.5,47.66
0.0,47.120000000000005
0.0,65.0
0.0,65.0
0.0,65.0
0.0,65.0
0.0,65.0
0.0,42.08
0.0,65.0
0.0,65.0
0.0,65.0
0.0,65.0
0.0,65.0
0.0,41.72
0.0,65.0
0.0,65.0
0.0,65.0
0.0,65.0
0.0,65.0
0.0,50.36
0.0,65.0
0.0,65.0
0.0,65.0
0.0,65.0
0.0,65.0
0.0,47.66
0.0,65.0
0.0,65.0
0.0,65.0
0.0,65.0
0.0,65.0
0.0,50.36
0.0,53.6
0.0,65.0
0.0,65.0
0.0,65.0
0.0,65.0
0.0,55.58
0.0,65.0
0.0,65.0
0.0,65.0
0.0,65.0
0.0,65.0
0.0,60.08
0.0,65.0
0.0,65.0
0.0,65.0
0.0,65.0
0.0,65.0
0.0,46.58
0.0,65.0
0.0,65.0
0.0,65.0
0.0,65.0
0.0,65.0
0.0,39.2
0.0,65.0
0.0,39.2
0.0,37.94
0.0,37.04
0.0,37.04
0.0,35.96
0.0,37.04
0.0,37.94
0.0,39.02
0.0,39.92
0.0,42.08
0.0,42.08
0.0,42.08
0.0,42.08
0.0,39.92
0.0,37.94
0.0,37.04
0.0,35.96
0.0,35.06
0.0,33.08
0.0,33.08
0.0,30.92
0.0,30.02
0.0,30.02
0.0,28.94
0.0,28.94
0.0,28.94
0.0,30.02
0.0,30.02
0.0,30.02
0.0,30.92
0.0,30.92
0.0,32.0
0.0,33.98
0.0,37.94
0.0,39.02
0.0,39.02
0.0,39.02
0.0,33.98
0.0,33.98
0.0,33.98
0.0,33.98
0.0,30.92
0.0,30.92
0.0,30.92
0.0,30.92
0.0,30.92
0.0,28.94
0.0,30.02
0.0,30.02
0.0,28.04
0.0,28.04
0.0,30.02
0.0,30.02
0.0,33.08
0.0,33.08
0.0,33.08
0.0,37.04
0.0,37.04
0.0,37.94
0.0,39.02
0.0,39.02
0.0,35.96
0.0,35.96
0.0,35.96
0.0,35.96
0.0,35.06
0.0,35.06
0.0,26.6
0.0,33.08
0.0,33.08
0.0,32.0
0.0,32.0
0.0,32.0
0.0,32.0
0.0,33.08
0.0,33.08
0.0,33.08
0.0,33.98
0.0,33.98
0.0,39.02
0.0,39.02
0.0,39.02
0.0,41.0
0.0,39.92
0.0,39.92
0.0,41.0
0.0,41.0
0.0,35.06
0.0,41.0
0.0,42.08
0.0,42.08
0.2,41.0
0.0,39.2
0.0,39.2
0.3,39.2
1.3,39.2
2.1,38.3
0.5,37.94
1.6,37.04
2.6,36.68
3.7,37.04
1.5,39.38
0.0,41.9
0.0,44.239999999999995
0.1,45.86
0.0,45.14
0.2,45.86
0.6,46.4
1.0,46.94
0.4,48.379999999999995
0.0,49.46
0.0,48.379999999999995
0.0,48.02
0.0,47.3
0.0,46.58
0.0,47.48
0.6,47.84
0.3,48.56
0.5,48.74
0.8,48.92
0.4,50.54
0.0,50.36
0.0,50.36
0.0,50.18
0.0,50.18
0.0,50.9
0.0,51.26
0.0,52.52
0.0,53.24
0.0,55.22
0.0,56.66
0.0,60.08
0.0,60.08
0.0,59.0
0.0,53.96
0.0,53.96
0.0,51.98
0.0,51.08
0.0,51.08
0.0,50.0
0.0,50.0
0.0,50.0
0.0,46.04
0.0,44.96
0.0,44.96
0.0,42.8
0.0,42.980000000000004
0.0,42.8
0.0,42.980000000000004
0.0,44.06
0.0,46.4
0.0,48.92
0.0,51.98
0.0,51.98
0.0,55.94
0.0,53.96
0.0,53.96
0.0,50.0
0.0,50.0
0.3,50.0
0.7,48.2
3.1,46.4
1.1,44.96
0.7,44.6
1.2,44.06
1.5,42.980000000000004
1.2,42.8
0.1,42.08
0.0,41.18
0.0,39.92
0.0,41.0
0.0,41.0
0.0,41.0
0.0,42.980000000000004
0.0,42.980000000000004
0.0,44.96
0.0,46.04
0.0,46.04
0.0,46.94
0.0,44.06
0.0,44.06
0.0,42.980000000000004
0.0,41.0
0.0,41.0
0.0,39.92
0.0,39.02
0.0,39.02
0.0,39.02
0.0,39.02
0.0,39.02
0.0,37.94
0.0,37.94
0.0,37.94
0.0,37.94
0.0,37.94
0.0,37.94
0.0,37.94
0.0,39.02
0.0,39.02
0.0,37.94
0.0,37.04
0.0,37.04
0.3,37.04
0.5,37.4
0.3,37.4
0.2,37.4
0.3,37.4
0.1,37.94
0.1,37.94
0.0,37.04
0.0,37.04
0.0,35.96
0.1,35.6
0.1,35.6
0.0,33.8
0.3,33.8
0.5,33.8
0.7,33.8
0.5,30.02
0.5,29.48
0.5,29.3
0.2,29.48
0.0,27.5
0.0,26.78
0.0,35.6
0.0,35.6
0.0,33.08
0.0,32.0
0.0,30.92
0.0,30.92
0.0,28.94
0.0,28.94
0.0,26.060000000000002
0.0,24.98
0.0,24.98
0.0,23.0
0.0,23.0
0.0,23.0
0.0,21.02
0.0,21.02
0.0,19.4
0.0,19.939999999999998
0.0,19.939999999999998
0.0,19.4
0.0,19.04
0.0,17.96
0.0,19.4
0.0,21.02
0.0,24.08
0.0,24.08
0.0,24.98
0.0,28.04
0.0,28.04
0.0,24.08
0.0,21.92
0.0,21.92
0.0,21.02
0.0,19.04
0.0,19.04
0.0,19.04
0.0,17.96
0.0,17.96
0.0,17.96
0.0,19.04
0.0,19.04
0.0,17.96
0.0,17.96
0.0,17.96
0.0,19.04
0.0,19.04
0.0,19.04
0.0,23.0
0.0,24.98
0.0,24.98
0.0,28.94
0.0,30.92
0.0,30.92
0.0,26.96
0.0,26.96
0.0,26.96
0.0,28.94
0.0,28.94
0.0,28.94
0.0,30.02
0.0,30.92
0.0,30.92
0.0,30.92
0.0,30.92
0.0,30.92
0.0,30.92
0.0,30.92
0.0,30.92
0.0,30.2
0.5,30.02
1.1,30.02
0.3,30.92
0.0,33.08
0.0,33.08
0.0,37.94
0.0,41.0
0.0,41.0
0.0,39.92
0.0,39.92
0.0,39.92
0.0,37.94
0.0,37.94
0.0,37.04
0.0,37.04
0.0,35.96
0.0,35.96
0.0,33.98
0.0,33.98
0.0,33.98
0.0,33.98
0.0,33.98
0.0,24.08
0.0,33.98
0.0,35.96
0.0,35.96
0.0,35.96
0.0,35.06
0.0,35.06
0.0,35.96
0.0,37.04
0.0,37.04
0.0,37.94
0.0,35.06
0.0,35.06
0.0,35.06
0.0,33.98
0.0,33.98
0.0,30.92
0.0,30.92
0.0,30.02
0.0,30.92
0.0,30.92
0.0,30.92
0.0,30.02
0.0,30.02
0.0,30.02
0.0,28.94
0.0,33.08
0.0,33.08
0.0,33.98
0.0,37.94
0.0,37.94
0.0,39.92
0.0,41.0
0.0,41.0
0.0,39.92
0.0,37.04
0.0,37.04
0.0,35.96
0.0,35.06
0.0,35.06
0.0,33.08
0.0,32.0
0.0,32.0
0.0,32.0
0.0,17.6
0.0,30.92
0.0,30.92
0.0,30.92
0.0,30.92
0.0,33.08
0.0,33.98
0.0,35.96
0.0,37.04
0.0,37.94
0.0,37.94
0.0,42.08
0.0,44.06
0.0,44.06
0.0,41.0
0.0,39.92
0.0,39.92
0.0,39.92
0.0,41.0
0.0,41.0
0.0,42.08
0.0,41.0
0.0,41.0
0.0,42.08
0.0,42.08
0.9,42.8
0.8,44.6
0.4,44.6
0.4,37.04
0.1,37.22
0.1,38.12
0.2,39.92
0.1,40.46
0.1,41.0
0.1,42.260000000000005
0.0,43.879999999999995
0.0,46.22
0.0,45.68
0.0,44.78
0.0,41.9
0.1,41.36
0.0,41.18
0.1,41.18
0.0,41.18
0.0,41.0
0.0,40.64
0.0,40.64
0.0,40.64
0.3,40.46
0.3,42.620000000000005
0.0,42.260000000000005
0.4,41.54
0.7,41.0
0.9,40.46
0.2,42.8
0.2,44.96
0.0,46.94
0.0,50.72
0.0,56.66
0.0,59.540000000000006
0.0,59.72
0.0,58.1
0.0,56.3
0.0,53.24
0.0,52.7
0.0,53.6
0.0,54.14
0.0,54.86
0.0,55.22
0.0,55.22
2.0,55.22
2.1,54.86
2.5,54.32
1.5,54.14
2.5,53.42
0.3,53.6
0.0,54.32
0.0,53.6
0.0,52.34
0.1,53.6
0.0,52.7
0.0,55.94
0.0,55.94
0.0,57.92
0.0,55.94
0.0,55.94
0.0,53.96
0.0,51.98
0.0,51.98
0.0,50.0
0.0,50.0
0.0,50.0
0.0,48.02
0.0,48.02
0.0,48.02
0.0,46.94
0.0,44.96
0.0,44.96
0.0,44.06
0.0,44.06
0.0,44.06
0.0,42.08
0.0,44.06
0.0,44.06
0.0,48.02
0.0,51.98
0.0,51.98
0.0,51.98
0.0,53.06
0.0,53.06
0.0,50.0
0.0,48.02
0.0,48.02
